Query_id Subject_id %_identity alignment_length mismatches gap openings query_start query_end subject_start subject_end e-value bit_score

# Not all sequence allignments could have [mismatches gap openings],some might miss one, some might miss two.  

NODE_3193_length_183_cov_11.549383	CP007711.1	79.670	182	37	0	2	183	475957	475776	2.00e-41	161
NODE_3194_length_558_cov_12.890130	CP007711.1	72.114	563	147	2	1	558	475938	476495	7.03e-85	307
NODE_48308_length_259_cov_72.890756	CP007711.1	77.099	262	57	2	1	259	403800	404061	1.42e-51	196
NODE_69971_length_221_cov_86.915000	CP007711.1	93.023	215	15	0	7	221	401779	401565	4.17e-89	320
NODE_118582_length_161_cov_55.307143	CP007711.1	78.659	164	27	4	1	160	269197	269038	3.57e-31	127
NODE_154059_length_820_cov_29.677096	CP007711.1	67.993	603	163	18	3	590	413810	413223	2.81e-41	163
NODE_161891_length_325_cov_14.776316	CP007711.1	75.153	326	79	2	1	325	96052	95728	1.93e-57	215
NODE_194631_length_601_cov_17.882759	CP007711.1	68.247	485	140	9	1	478	523405	522928	3.68e-38	152
NODE_199682_length_134_cov_46.884956	CP007711.1	83.465	127	21	0	1	127	161546	161672	1.96e-33	134
NODE_201362_length_295_cov_8.554745	CP007711.1	71.626	289	78	2	1	287	268810	269096	7.41e-37	147
NODE_266494_length_440_cov_10.575179	CP007711.1	82.418	364	64	0	77	440	114054	114417	1.91e-103	369
NODE_280449_length_812_cov_12.312263	CP007711.1	70.408	392	100	9	42	425	337168	337551	1.18e-39	158
NODE_301199_length_484_cov_28.751620	CP007711.1	68.378	487	130	8	1	484	498769	499234	1.10e-43	170
NODE_312271_length_557_cov_10.223881	CP007711.1	76.216	555	132	0	3	557	154370	153816	9.73e-115	407
NODE_316395_length_228_cov_30.144928	CP007711.1	73.362	229	59	2	1	228	50559	50786	4.33e-32	131
NODE_329690_length_897_cov_13.796804	CP007711.1	66.974	542	175	4	12	551	562195	562734	4.57e-39	156
NODE_338165_length_625_cov_10.077815	CP007711.1	73.307	251	56	4	164	408	85290	85535	1.99e-35	143
NODE_351424_length_337_cov_7.395570	CP007711.1	72.956	318	71	4	31	335	467528	467213	4.14e-47	181
NODE_359994_length_803_cov_21.820972	CP007711.1	75.472	265	63	2	516	779	585077	585340	1.25e-45	178
NODE_374032_length_328_cov_66.029316	CP007711.1	77.744	328	73	0	1	328	154473	154146	1.50e-71	262
NODE_378131_length_2586_cov_9.259259	CP007711.1	69.941	1018	275	16	541	1546	548179	549177	1.09e-115	412
NODE_389819_length_669_cov_13.462963	CP007711.1	72.727	572	142	7	107	669	203057	202491	2.43e-85	309
NODE_396641_length_966_cov_49.002116	CP007711.1	73.615	379	87	7	38	411	493260	492890	2.09e-56	214
NODE_423283_length_1291_cov_13.165354	CP007711.1	72.125	1026	284	2	3	1027	444119	443095	7.03e-159	554
NODE_423284_length_261_cov_29.237500	CP007711.1	70.930	258	75	0	1	258	444101	444358	6.11e-31	127
NODE_432691_length_356_cov_10.817910	CP007711.1	72.063	315	88	0	41	355	253157	253471	2.28e-44	172
NODE_438637_length_510_cov_12.572597	CP007711.1	69.231	338	98	4	128	462	127241	127575	3.55e-31	129
NODE_528878_length_1379_cov_11.118557	CP007711.1	66.358	755	158	17	1	716	82206	82903	4.77e-60	226
NODE_532240_length_806_cov_11.629299	CP007711.1	70.303	495	145	2	312	805	287311	286818	3.36e-59	223
NODE_597364_length_320_cov_6.364548	CP007711.1	73.818	275	70	2	47	320	192045	191772	3.01e-42	165
NODE_601176_length_662_cov_9.957878	CP007711.1	70.312	320	91	2	33	350	439568	439885	2.11e-35	143
NODE_611993_length_322_cov_38.677741	CP007711.1	78.022	182	40	0	1	182	395289	395470	2.33e-37	149
NODE_646894_length_406_cov_21.116883	CP007711.1	73.066	349	90	4	49	395	89320	88974	2.79e-50	192
NODE_648279_length_1824_cov_14.770383	CP007711.1	68.768	682	198	7	952	1630	116615	117284	1.59e-67	251
NODE_653603_length_226_cov_12.004878	CP007711.1	79.111	225	47	0	1	225	429292	429068	4.28e-51	194
NODE_683572_length_606_cov_68.820513	CP007711.1	73.970	607	150	4	1	603	471662	471060	2.19e-104	372
NODE_712173_length_1392_cov_18.830780	CP007711.1	71.570	911	251	5	329	1235	479970	479064	1.29e-130	461
NODE_732154_length_1510_cov_14.773674	CP007711.1	71.429	343	96	2	1	342	129067	129408	3.52e-43	170
NODE_753715_length_197_cov_91.250000	CP007711.1	77.320	194	44	0	1	194	201633	201826	1.13e-38	152
NODE_778979_length_254_cov_51.686695	CP007711.1	75.494	253	62	0	1	253	256269	256017	3.74e-46	178
NODE_798124_length_372_cov_8.880342	CP007711.1	71.622	296	82	2	1	295	148674	148380	2.72e-37	149
NODE_915248_length_1023_cov_8.936128	CP007711.1	68.822	433	118	10	440	862	564478	564903	3.30e-35	143
NODE_968842_length_797_cov_19.961340	CP007711.1	66.079	681	205	10	69	736	578173	577506	7.81e-42	165
NODE_985135_length_79_cov_60.017241	CP007711.1	97.468	79	2	0	1	79	405098	405176	1.02e-33	134
NODE_994078_length_367_cov_33.878613	CP007711.1	69.745	314	93	2	55	367	323378	323066	7.19e-32	131
NODE_1017237_length_190_cov_76.165680	CP007711.1	79.333	150	31	0	41	190	132869	133018	3.54e-32	131
NODE_1040240_length_558_cov_36.348231	CP007711.1	73.636	330	87	0	6	335	162633	162304	2.15e-53	203
NODE_1067953_length_686_cov_12.121805	CP007711.1	75.909	220	53	0	15	234	470400	470181	9.93e-40	158
NODE_1089371_length_260_cov_69.953975	CP007711.1	77.778	180	40	0	61	240	334920	334741	2.27e-36	145
NODE_1116344_length_939_cov_10.705882	CP007711.1	71.567	517	136	6	430	939	80047	80559	2.32e-68	253
NODE_1124536_length_959_cov_11.076759	CP007711.1	77.059	340	78	0	601	940	26909	27248	4.57e-71	262
NODE_1129271_length_1895_cov_51.798292	CP007711.1	69.418	1066	299	12	1	1048	6156	7212	4.42e-119	423
NODE_1172941_length_145_cov_35.459677	CP007711.1	85.271	129	19	0	1	129	50114	50242	3.38e-37	147
NODE_1180668_length_253_cov_20.793103	CP007711.1	73.092	249	59	4	4	248	170699	170943	1.14e-33	136
NODE_1188825_length_285_cov_1.625000	CP007711.1	71.004	269	78	0	2	270	389143	389411	4.51e-33	134
NODE_1220089_length_323_cov_24.672185	CP007711.1	80.000	265	53	0	59	323	446027	446291	1.68e-64	239
NODE_1271628_length_203_cov_63.653846	CP007711.1	74.877	203	51	0	1	203	471848	471646	8.95e-34	136
NODE_1281798_length_225_cov_28.220588	CP007711.1	75.446	224	55	0	1	224	240591	240814	1.07e-39	156
NODE_1328848_length_183_cov_82.320988	CP007711.1	76.344	186	38	2	1	183	133182	133000	2.78e-33	134
NODE_1328899_length_153_cov_37.409091	CP007711.1	85.965	114	16	0	30	143	202982	202869	2.27e-33	134
NODE_1349835_length_271_cov_26.164000	CP007711.1	76.208	269	64	0	1	269	443851	444119	4.28e-52	197
NODE_1351189_length_925_cov_9.665929	CP007711.1	70.100	301	90	0	442	742	333888	333588	1.27e-33	138
NODE_1369522_length_529_cov_28.464567	CP007711.1	75.325	231	55	2	203	432	250281	250510	3.23e-38	152
NODE_1385091_length_566_cov_8.216514	CP007711.1	73.757	362	84	7	33	390	552691	553045	2.19e-53	203
NODE_1390986_length_808_cov_49.444727	CP007711.1	73.596	356	88	2	61	413	333588	333940	5.00e-57	215
NODE_1393788_length_728_cov_10.099010	CP007711.1	69.444	720	220	0	1	720	155180	154461	9.24e-85	307
NODE_1412299_length_601_cov_19.496552	CP007711.1	75.893	224	52	2	379	601	335708	335930	1.06e-38	154
NODE_1482485_length_498_cov_8.798742	CP007711.1	68.191	503	147	7	1	498	191296	191790	1.38e-42	167
NODE_1519810_length_898_cov_12.872292	CP007711.1	66.083	914	267	24	1	894	51470	52360	1.15e-46	181
NODE_1583010_length_427_cov_80.012315	CP007711.1	79.901	403	81	0	25	427	154713	155115	2.75e-101	361
NODE_1668035_length_202_cov_24.414365	CP007711.1	74.742	194	49	0	4	197	51608	51415	1.32e-31	129
NODE_1690469_length_708_cov_19.756914	CP007711.1	68.970	709	200	10	11	708	392097	392796	1.17e-70	260
NODE_1692484_length_189_cov_10.755952	CP007711.1	78.363	171	37	0	1	171	84657	84487	1.94e-35	141
NODE_1716756_length_296_cov_21.338182	CP007711.1	73.485	264	62	2	36	295	544344	544085	1.18e-40	159
NODE_1719504_length_313_cov_12.222603	CP007711.1	72.313	307	85	0	1	307	168124	167818	6.92e-44	170
NODE_1719505_length_145_cov_24.846774	CP007711.1	81.295	139	26	0	1	139	168124	167986	2.13e-33	134
NODE_1766719_length_199_cov_37.539326	CP007711.1	78.500	200	41	2	1	199	256986	257184	7.67e-41	159
NODE_1805797_length_309_cov_55.743056	CP007711.1	76.923	221	51	0	2	222	170406	170626	2.38e-43	168
NODE_1805798_length_309_cov_30.531250	CP007711.1	76.037	217	52	0	2	218	170406	170622	4.31e-40	158
NODE_1837571_length_495_cov_23.409283	CP007711.1	69.899	495	139	6	1	490	46139	45650	1.90e-53	203
NODE_1851449_length_438_cov_83.705036	CP007711.1	75.467	428	89	5	19	438	132031	132450	4.20e-80	291
NODE_1883084_length_845_cov_23.345874	CP007711.1	67.990	781	231	12	1	773	579679	580448	1.08e-65	244
NODE_1893015_length_424_cov_11.523573	CP007711.1	71.910	267	75	0	139	405	456526	456260	1.33e-35	143
NODE_1909012_length_196_cov_45.520000	CP007711.1	76.020	196	47	0	1	196	49555	49750	2.02e-35	141
NODE_1909013_length_196_cov_37.851429	CP007711.1	78.061	196	43	0	1	196	49555	49750	7.54e-41	159
NODE_1909014_length_143_cov_67.491803	CP007711.1	88.112	143	17	0	1	143	49575	49433	1.61e-47	181
NODE_1910507_length_317_cov_69.577703	CP007711.1	73.016	315	77	1	11	317	84051	83737	2.61e-49	188
NODE_1950204_length_169_cov_9.864865	CP007711.1	80.233	172	28	2	1	169	96217	96049	2.72e-39	154
NODE_1955220_length_138_cov_49.649573	CP007711.1	83.459	133	22	0	3	135	81720	81852	1.36e-35	141
NODE_1955221_length_397_cov_21.630319	CP007711.1	72.319	401	99	5	3	397	81720	82114	2.91e-56	212
NODE_1970744_length_240_cov_52.452055	CP007711.1	77.157	197	43	2	3	198	541746	541551	2.08e-36	145
NODE_1990752_length_300_cov_47.365591	CP007711.1	74.384	203	52	0	82	284	336440	336642	1.66e-32	132
NODE_2049656_length_243_cov_85.608108	CP007711.1	92.593	243	11	2	8	243	614419	614177	2.24e-99	354
NODE_2135154_length_523_cov_7.679283	CP007711.1	70.411	365	102	2	8	369	142512	142151	4.15e-43	168
NODE_2135333_length_1258_cov_44.970897	CP007711.1	72.840	405	90	10	41	436	577565	577958	1.16e-54	208
NODE_2149097_length_388_cov_30.397820	CP007711.1	70.288	313	90	2	79	388	273787	274099	1.47e-34	140
NODE_2159233_length_407_cov_18.375648	CP007711.1	70.905	409	115	3	1	407	27603	27197	2.80e-50	192
NODE_2160647_length_511_cov_33.381633	CP007711.1	74.802	504	125	2	1	503	256365	255863	1.96e-91	329
NODE_2169313_length_272_cov_58.860558	CP007711.1	72.794	272	68	3	1	269	170967	170699	1.95e-37	149
NODE_2174703_length_214_cov_11.839378	CP007711.1	77.439	164	37	0	1	164	361886	361723	1.41e-31	129
NODE_2181111_length_995_cov_54.142710	CP007711.1	68.276	435	116	9	6	429	337378	337801	1.12e-34	141
NODE_2242048_length_519_cov_73.337349	CP007711.1	72.000	475	127	2	51	519	470137	470611	1.26e-68	253
NODE_2256426_length_790_cov_12.055917	CP007711.1	69.814	752	219	5	3	750	215676	214929	5.56e-88	318
NODE_2310748_length_209_cov_8.058511	CP007711.1	75.490	204	42	4	1	200	251182	250983	1.13e-32	132
NODE_2342854_length_178_cov_124.834395	CP007711.1	78.771	179	34	2	1	177	202514	202690	4.27e-37	147
NODE_2440076_length_257_cov_36.622881	CP007711.1	72.374	257	71	0	1	257	476476	476732	7.81e-36	143
NODE_2440343_length_1831_cov_15.337569	CP007711.1	64.617	1317	373	39	1	1287	493435	492182	6.79e-47	183
NODE_2456446_length_953_cov_22.410944	CP007711.1	69.707	888	253	11	61	942	492890	493767	9.36e-99	354
NODE_2473950_length_307_cov_41.517483	CP007711.1	70.508	295	85	2	8	301	142539	142246	1.70e-32	132
NODE_2508984_length_600_cov_14.257340	CP007711.1	68.458	577	160	9	23	588	15538	16103	2.82e-52	199
NODE_2553558_length_340_cov_51.150470	CP007711.1	68.769	333	104	0	4	336	42063	42395	1.90e-32	132
NODE_2558937_length_263_cov_28.855372	CP007711.1	72.075	265	70	2	1	263	275068	275330	9.75e-35	140
NODE_2570658_length_286_cov_21.671698	CP007711.1	77.586	174	39	0	4	177	552669	552496	3.71e-34	138
NODE_2608926_length_365_cov_16.706395	CP007711.1	74.257	303	78	0	63	365	201600	201902	2.05e-51	196
NODE_2625313_length_281_cov_61.000000	CP007711.1	75.887	282	61	6	2	279	91441	91163	3.41e-47	181
NODE_2662567_length_227_cov_21.053398	CP007711.1	74.123	228	51	4	2	225	275362	275139	3.53e-33	134
NODE_2692223_length_1045_cov_56.200195	CP007711.1	67.521	702	198	15	307	993	558848	558162	1.74e-51	197
NODE_2697936_length_232_cov_557.862559	CP007711.1	74.419	215	49	4	21	232	113966	113755	5.37e-31	127
NODE_2700654_length_1091_cov_10.186916	CP007711.1	67.358	1060	302	17	1	1032	468647	467604	9.43e-87	315
NODE_2725076_length_292_cov_617.929889	CP007711.1	72.566	226	62	0	1	226	49652	49427	1.97e-31	129
NODE_2730602_length_166_cov_49.944828	CP007711.1	79.874	159	32	0	8	166	548692	548534	4.81e-36	143
NODE_2786781_length_163_cov_57.176056	CP007711.1	77.301	163	37	0	1	163	202427	202265	3.62e-31	127
NODE_2801148_length_398_cov_2.726790	CP007711.1	76.271	177	42	0	212	388	51327	51503	7.84e-32	131
NODE_2822151_length_774_cov_8.642762	CP007711.1	72.874	247	65	2	529	774	155408	155163	3.68e-33	136
NODE_2837218_length_738_cov_28.030683	CP007711.1	68.934	647	189	7	1	641	576662	576022	1.14e-64	241
NODE_2854211_length_781_cov_12.564474	CP007711.1	69.604	454	132	6	326	776	73394	72944	4.23e-45	176
NODE_2883153_length_309_cov_24.451389	CP007711.1	72.628	274	75	0	36	309	311556	311829	1.50e-39	156
NODE_2901964_length_328_cov_40.179153	CP007711.1	73.077	234	63	0	94	327	361683	361916	4.30e-34	138
NODE_2904427_length_334_cov_18.904153	CP007711.1	74.320	331	83	2	5	334	251246	250917	1.03e-54	206
NODE_2904428_length_334_cov_56.335463	CP007711.1	72.205	331	90	2	5	334	251246	250917	1.74e-45	176
NODE_2961404_length_500_cov_10.265136	CP007711.1	75.000	500	119	5	1	499	114398	114892	2.85e-89	322
NODE_2961405_length_219_cov_72.131313	CP007711.1	82.648	219	38	0	1	219	114398	114616	2.44e-60	224
NODE_2992133_length_375_cov_16.225989	CP007711.1	74.497	298	74	2	74	370	192302	192006	3.13e-49	188
NODE_2992134_length_372_cov_39.561254	CP007711.1	74.324	296	76	0	4	299	192372	192077	2.55e-50	192
NODE_3014705_length_271_cov_25.184000	CP007711.1	81.169	154	23	3	1	151	516059	515909	1.01e-34	140
NODE_3052496_length_605_cov_38.863014	CP007711.1	68.661	351	108	2	256	605	536176	535827	1.21e-31	131
NODE_3086933_length_1018_cov_9.477432	CP007711.1	67.267	944	260	13	29	964	566558	565656	8.23e-81	295
NODE_3132241_length_1265_cov_12.440514	CP007711.1	66.482	904	261	17	8	890	451535	452417	4.37e-60	226
NODE_3138347_length_548_cov_42.347249	CP007711.1	71.273	550	154	2	1	548	27581	27034	4.08e-75	275
NODE_3146769_length_368_cov_17.374640	CP007711.1	71.547	362	99	4	8	367	275075	274716	6.75e-45	174
NODE_3172918_length_242_cov_14.570136	CP007711.1	77.401	177	40	0	66	242	92192	92368	8.91e-35	140
NODE_3176823_length_1012_cov_44.478305	CP007711.1	65.842	1010	318	17	1	995	467864	466867	2.20e-56	214
NODE_3189815_length_253_cov_69.439655	CP007711.1	80.335	239	47	0	15	253	91660	91422	1.22e-58	219
NODE_3230403_length_374_cov_22.430595	CP007711.1	72.253	364	88	3	16	371	251743	251385	1.72e-52	199
NODE_3255023_length_1147_cov_68.828597	CP007711.1	70.189	530	154	2	101	628	523534	523007	6.27e-64	239
NODE_3255023_length_1147_cov_68.828597	CP007711.1	73.818	275	72	0	872	1146	522775	522501	7.64e-44	172
NODE_3275959_length_521_cov_48.770000	CP007711.1	70.769	520	144	6	6	521	45650	46165	1.18e-62	233
NODE_3293504_length_306_cov_78.578947	CP007711.1	74.613	323	60	2	1	303	516362	516042	3.50e-60	224
NODE_3297345_length_423_cov_22.427861	CP007711.1	70.483	393	106	7	35	422	355704	355317	1.41e-41	163
NODE_3297346_length_861_cov_46.734524	CP007711.1	68.893	614	170	12	27	630	355711	355109	6.50e-56	212
NODE_3395567_length_273_cov_64.714286	CP007711.1	72.593	270	69	3	2	270	319512	319777	2.38e-36	145
NODE_3395568_length_187_cov_22.698795	CP007711.1	78.235	170	28	4	2	168	319512	319675	3.47e-32	131
NODE_3407746_length_257_cov_12.432203	CP007711.1	73.152	257	69	0	1	257	58911	58655	1.51e-38	152
NODE_3461555_length_300_cov_40.569892	CP007711.1	73.684	266	70	0	35	300	412104	412369	2.81e-42	165
NODE_3552556_length_844_cov_12.454435	CP007711.1	69.045	785	194	21	2	748	80717	81490	2.70e-73	269
NODE_3562861_length_456_cov_42.291954	CP007711.1	73.056	360	97	0	16	375	226224	225865	3.37e-56	212
NODE_3569076_length_247_cov_14.252212	CP007711.1	84.472	161	23	2	88	247	276138	276297	5.38e-44	170
NODE_3574882_length_219_cov_60.080808	CP007711.1	85.520	221	27	4	1	219	402974	403191	3.18e-65	241
NODE_3584695_length_148_cov_37.015748	CP007711.1	80.556	144	28	0	5	148	256580	256437	2.18e-33	134
NODE_3640767_length_1830_cov_11.488115	CP007711.1	75.200	375	91	2	924	1297	49759	49386	5.57e-67	250
NODE_3640767_length_1830_cov_11.488115	CP007711.1	78.610	187	40	0	1644	1830	49033	48847	2.70e-39	158
NODE_3640767_length_1830_cov_11.488115	CP007711.1	70.486	288	81	2	308	593	50351	50066	3.76e-31	131
NODE_3657827_length_178_cov_20.923567	CP007711.1	76.437	174	41	0	5	178	82151	82324	1.15e-31	129
NODE_3674832_length_177_cov_52.666667	CP007711.1	77.914	163	36	0	14	176	429230	429068	9.35e-33	132
NODE_3683712_length_383_cov_6.234807	CP007711.1	78.351	388	74	4	1	382	19554	19171	1.11e-86	313
NODE_3688847_length_1236_cov_12.763786	CP007711.1	72.954	281	71	4	922	1201	441337	441061	2.69e-37	150
NODE_3695816_length_896_cov_10.858286	CP007711.1	70.334	809	223	9	93	891	267977	268778	3.07e-98	352
NODE_3700471_length_351_cov_73.466667	CP007711.1	81.766	351	64	0	1	351	153816	154166	1.72e-96	345
NODE_3721184_length_387_cov_26.060109	CP007711.1	79.736	227	46	0	63	289	443694	443468	1.47e-53	203
NODE_3737859_length_160_cov_49.640288	CP007711.1	77.500	160	36	0	1	160	268896	269055	3.55e-31	127
NODE_3788309_length_928_cov_23.312018	CP007711.1	75.399	313	77	0	224	536	162304	162616	1.65e-57	217
NODE_3798336_length_490_cov_23.820896	CP007711.1	70.548	292	84	1	165	454	148126	147835	2.29e-33	136
NODE_3827801_length_779_cov_11.562005	CP007711.1	72.981	322	85	2	7	327	6192	6512	9.93e-47	181
NODE_3827802_length_882_cov_42.289199	CP007711.1	67.442	903	249	17	7	882	6192	7076	9.87e-73	268
NODE_3862710_length_402_cov_50.876640	CP007711.1	70.647	402	110	5	1	398	275323	274926	6.09e-46	178
NODE_3890021_length_426_cov_31.760494	CP007711.1	77.049	183	42	0	1	183	446805	446987	4.66e-35	141
NODE_3913230_length_261_cov_24.025000	CP007711.1	73.946	261	58	4	6	261	267846	268101	1.26e-39	156
NODE_3934833_length_1233_cov_13.341584	CP007711.1	68.440	564	144	12	686	1232	319330	319876	8.77e-50	192
NODE_3951724_length_319_cov_67.214765	CP007711.1	81.905	210	38	0	3	212	30327	30536	2.81e-55	208
NODE_3981474_length_639_cov_36.902913	CP007711.1	68.137	612	157	17	46	638	456372	456964	2.32e-47	183
NODE_3982901_length_243_cov_82.391892	CP007711.1	76.316	190	43	2	1	189	58925	59113	1.33e-32	132
NODE_4041975_length_958_cov_13.759872	CP007711.1	77.273	220	41	3	608	824	437848	437635	2.70e-42	167
NODE_4086136_length_273_cov_17.662698	CP007711.1	74.419	215	55	0	46	260	171882	172096	1.01e-34	140
NODE_4106404_length_693_cov_9.345238	CP007711.1	74.277	692	178	0	2	693	256017	256708	1.39e-126	446
NODE_4138976_length_149_cov_52.054688	CP007711.1	80.986	142	27	0	1	142	96215	96074	2.20e-33	134
NODE_4159366_length_214_cov_67.409326	CP007711.1	74.528	212	54	0	3	214	541867	542078	7.79e-35	140
NODE_4172989_length_358_cov_22.783383	CP007711.1	70.402	348	100	2	1	345	262918	263265	5.04e-40	158
NODE_4188101_length_421_cov_68.512500	CP007711.1	90.261	421	40	1	1	421	405575	405156	2.89e-164	571
NODE_4217105_length_295_cov_6.937956	CP007711.1	71.959	296	79	2	1	294	446570	446277	4.99e-39	154
NODE_4230884_length_861_cov_24.225000	CP007711.1	75.641	234	55	2	11	243	122913	122681	1.26e-39	158
NODE_4246586_length_228_cov_50.753623	CP007711.1	82.379	227	40	0	1	227	276355	276129	6.00e-62	230
NODE_4246902_length_912_cov_18.487093	CP007711.1	74.423	563	141	1	346	908	585904	585345	4.95e-102	365
NODE_4277664_length_256_cov_30.714894	CP007711.1	76.250	240	51	2	16	252	59641	59405	1.60e-44	172
NODE_4277665_length_256_cov_44.055319	CP007711.1	76.667	240	50	2	16	252	59641	59405	3.77e-46	178
NODE_4337409_length_486_cov_29.529032	CP007711.1	68.777	458	131	8	35	486	612655	612204	2.43e-39	156
NODE_4348525_length_159_cov_100.681159	CP007711.1	83.974	156	25	0	1	156	17579	17734	1.15e-43	168
NODE_4359780_length_1123_cov_23.188748	CP007711.1	66.667	654	218	0	145	798	337107	336454	1.88e-51	197
NODE_4430065_length_485_cov_49.920259	CP007711.1	70.398	402	110	5	87	485	98603	98208	9.03e-45	174
NODE_4456714_length_286_cov_65.800000	CP007711.1	72.830	265	72	0	1	265	287214	286950	4.83e-39	154
NODE_4507193_length_296_cov_6.872727	CP007711.1	80.745	161	25	2	139	296	161703	161546	7.44e-37	147
NODE_4528923_length_154_cov_20.436090	CP007711.1	81.699	153	28	0	1	153	475922	476074	2.98e-38	150
NODE_4531532_length_251_cov_93.017391	CP007711.1	79.787	188	38	0	30	217	84861	85048	1.91e-43	168
NODE_4560342_length_387_cov_38.953552	CP007711.1	73.585	318	78	2	13	327	479192	479506	2.65e-50	192
NODE_4593164_length_318_cov_18.612795	CP007711.1	74.675	308	78	0	6	313	257065	257372	3.41e-54	205
NODE_4616281_length_868_cov_52.278630	CP007711.1	69.475	629	168	9	108	724	118169	118785	2.61e-67	250
NODE_4649430_length_169_cov_42.141892	CP007711.1	79.720	143	29	0	23	165	394454	394312	3.77e-31	127
NODE_4689626_length_384_cov_25.154270	CP007711.1	77.157	197	37	4	88	280	579239	579047	4.17e-35	141
NODE_4693695_length_746_cov_16.164138	CP007711.1	71.229	358	93	4	150	502	273817	274169	4.92e-44	172
NODE_4693695_length_746_cov_16.164138	CP007711.1	67.989	378	120	1	130	506	134525	134148	4.31e-32	132
NODE_4756795_length_383_cov_64.226519	CP007711.1	87.139	381	49	0	1	381	403202	403582	8.00e-133	466
NODE_4758399_length_84_cov_81.730159	CP007711.1	96.429	84	3	0	1	84	405753	405670	9.11e-35	138
NODE_4780242_length_321_cov_11.706667	CP007711.1	77.647	170	38	0	1	170	18655	18824	1.47e-33	136
NODE_4780243_length_190_cov_72.177515	CP007711.1	81.609	174	30	2	1	173	18655	18827	5.98e-42	163
NODE_4815100_length_256_cov_68.029787	CP007711.1	76.471	255	58	2	2	255	479547	479800	8.87e-48	183
NODE_4816210_length_526_cov_11.619802	CP007711.1	72.201	259	67	1	268	526	90756	90503	1.66e-35	143
NODE_4882525_length_206_cov_75.578378	CP007711.1	77.368	190	43	0	16	205	86786	86975	1.44e-37	149
NODE_4888321_length_246_cov_33.275556	CP007711.1	74.667	225	57	0	12	236	18961	19185	1.75e-37	149
NODE_4888322_length_220_cov_22.582915	CP007711.1	73.913	207	54	0	12	218	18961	19167	4.16e-32	131
NODE_4893662_length_1148_cov_8.850044	CP007711.1	71.181	288	75	3	864	1147	583803	583520	4.52e-34	140
NODE_4902502_length_364_cov_66.393586	CP007711.1	79.261	352	71	2	2	352	171493	171843	2.33e-82	298
NODE_4920628_length_641_cov_16.046774	CP007711.1	71.254	327	90	3	317	640	369404	369729	3.23e-39	156
NODE_4958792_length_305_cov_33.316901	CP007711.1	73.094	223	60	0	83	305	412147	412369	1.69e-32	132
NODE_4965778_length_817_cov_19.437186	CP007711.1	66.804	726	205	14	50	763	262052	262753	5.76e-50	192
NODE_4996002_length_374_cov_24.235127	CP007711.1	73.640	239	54	6	1	236	613275	613043	2.56e-31	129
NODE_5022784_length_936_cov_13.026230	CP007711.1	70.300	367	98	6	128	489	595266	594906	1.67e-38	154
NODE_5038365_length_181_cov_54.956250	CP007711.1	79.429	175	36	0	1	175	168160	167986	2.93e-39	154
NODE_5068261_length_676_cov_10.809160	CP007711.1	65.487	565	158	9	115	676	605165	604635	3.90e-32	132
NODE_5130296_length_181_cov_52.262500	CP007711.1	90.055	181	18	0	1	181	403628	403808	6.04e-67	246
NODE_5130636_length_218_cov_73.807107	CP007711.1	75.229	218	54	0	1	218	52344	52561	4.40e-38	150
NODE_5182033_length_190_cov_49.609467	CP007711.1	79.375	160	33	0	1	160	549957	549798	6.82e-35	140
NODE_5188094_length_1585_cov_14.600384	CP007711.1	71.853	707	190	6	1	701	412031	412734	3.69e-100	360
NODE_5206025_length_223_cov_19.747525	CP007711.1	74.194	217	52	3	9	223	80346	80560	1.47e-31	129
NODE_5235610_length_382_cov_29.398892	CP007711.1	72.400	250	69	0	1	250	443350	443101	1.45e-34	140
NODE_5242522_length_300_cov_25.505376	CP007711.1	73.820	233	56	4	25	253	491773	491542	1.66e-32	132
NODE_5275940_length_796_cov_46.234839	CP007711.1	72.659	267	73	0	1	267	455412	455146	4.92e-38	152
NODE_5278461_length_124_cov_33.961165	CP007711.1	83.065	124	21	0	1	124	549834	549957	7.62e-32	129
NODE_5283014_length_221_cov_49.140000	CP007711.1	77.011	174	40	0	35	208	617870	617697	3.43e-33	134
NODE_5309232_length_708_cov_12.218341	CP007711.1	69.679	498	145	4	2	496	394345	394839	7.88e-54	205
NODE_5340411_length_663_cov_12.493769	CP007711.1	68.351	673	181	15	4	658	224329	223671	4.07e-57	215
NODE_5342607_length_1414_cov_8.960517	CP007711.1	80.347	173	34	0	27	199	617882	617710	5.96e-40	159
NODE_5351913_length_87_cov_89.863636	CP007711.1	94.318	88	4	1	1	87	209019	209106	4.05e-33	132
NODE_5354464_length_519_cov_57.397590	CP007711.1	71.291	519	139	3	6	519	443346	443859	8.49e-71	260
NODE_5452438_length_408_cov_8.759690	CP007711.1	69.521	397	109	4	13	403	86585	86975	1.36e-41	163
NODE_5464479_length_277_cov_107.980469	CP007711.1	72.263	274	74	2	3	275	516515	516787	2.42e-36	145
NODE_5522132_length_557_cov_70.149254	CP007711.1	70.538	465	113	5	21	479	78457	78903	8.01e-59	221
NODE_5550715_length_384_cov_40.349862	CP007711.1	71.473	319	88	1	9	324	253976	253658	1.28e-41	163
NODE_5551737_length_280_cov_27.945946	CP007711.1	75.369	203	50	0	3	205	479289	479491	2.98e-35	141
NODE_5554220_length_1788_cov_10.435201	CP007711.1	66.946	717	223	9	1077	1786	97374	98083	3.01e-51	197
NODE_5571941_length_836_cov_9.907975	CP007711.1	80.851	141	27	0	33	173	269116	269256	4.85e-32	132
NODE_5633806_length_734_cov_17.799439	CP007711.1	68.286	741	215	9	1	725	467946	467210	5.16e-69	255
NODE_5653998_length_348_cov_9.250765	CP007711.1	74.603	252	62	2	98	348	455826	455576	1.40e-40	159
NODE_5697547_length_940_cov_52.678999	CP007711.1	75.814	215	52	0	47	261	296704	296918	1.67e-38	154
NODE_5718262_length_437_cov_22.646635	CP007711.1	69.586	411	119	5	30	437	551423	551016	5.11e-41	161
NODE_5734699_length_318_cov_56.030303	CP007711.1	80.503	318	62	0	1	318	50766	51083	2.45e-81	295
NODE_5742097_length_247_cov_46.256637	CP007711.1	74.800	250	52	7	1	247	548826	549067	2.14e-36	145
NODE_5747841_length_317_cov_30.354730	CP007711.1	73.968	315	78	2	1	313	70904	71216	6.15e-51	194
NODE_5768709_length_1252_cov_53.547522	CP007711.1	68.772	1124	318	12	68	1186	565655	566750	1.01e-118	421
NODE_5772530_length_208_cov_43.529412	CP007711.1	76.555	209	47	2	1	208	48658	48865	1.46e-37	149
NODE_5780420_length_165_cov_62.583333	CP007711.1	89.091	165	18	0	1	165	404934	404770	2.64e-58	217
NODE_5784172_length_164_cov_68.895105	CP007711.1	82.927	164	28	0	1	164	475776	475939	3.41e-44	170
NODE_5787929_length_173_cov_9.822368	CP007711.1	78.161	174	37	1	1	173	402225	402052	6.14e-35	140
NODE_5787930_length_138_cov_47.846154	CP007711.1	83.846	130	21	0	1	130	402225	402096	4.74e-35	140
NODE_5859043_length_376_cov_69.825352	CP007711.1	83.088	272	46	0	11	282	17061	16790	5.30e-78	284
NODE_5892062_length_511_cov_24.434694	CP007711.1	71.821	291	82	0	206	496	225934	226224	2.56e-39	156
NODE_5947401_length_497_cov_25.985294	CP007711.1	72.961	466	106	8	39	494	191883	191428	3.45e-69	255
NODE_5959031_length_281_cov_24.069231	CP007711.1	75.598	209	51	0	59	267	475269	475477	7.03e-37	147
NODE_5959188_length_588_cov_23.248677	CP007711.1	74.517	569	135	7	25	588	241363	240800	6.93e-98	351
NODE_5982907_length_331_cov_29.980645	CP007711.1	73.252	329	81	4	1	327	549067	548744	3.34e-48	185
NODE_5988573_length_820_cov_11.272841	CP007711.1	69.359	842	224	9	1	814	91257	92092	4.16e-96	345
NODE_6013580_length_728_cov_44.524752	CP007711.1	69.497	318	95	2	109	425	59847	60163	5.12e-31	129
NODE_6016093_length_181_cov_63.025000	CP007711.1	89.785	186	13	3	1	181	614576	614760	7.36e-66	242
NODE_6040555_length_252_cov_15.398268	CP007711.1	72.619	252	67	2	1	251	240498	240748	1.13e-33	136
NODE_6040556_length_318_cov_37.747475	CP007711.1	78.233	317	69	0	1	317	240498	240814	5.06e-71	260
NODE_6044749_length_736_cov_35.669930	CP007711.1	71.343	499	137	4	240	735	176110	175615	3.26e-65	242
NODE_6044787_length_382_cov_65.565097	CP007711.1	75.728	206	48	2	171	375	612596	612800	1.45e-34	140
NODE_6080607_length_481_cov_54.130435	CP007711.1	71.141	447	129	0	35	481	117371	116925	5.64e-60	224
NODE_6080609_length_694_cov_55.193165	CP007711.1	69.877	488	142	3	151	637	117538	118021	6.34e-55	208
NODE_6092012_length_401_cov_16.107895	CP007711.1	71.257	334	92	2	70	401	444432	444101	3.83e-42	165
NODE_6141645_length_733_cov_10.026685	CP007711.1	69.726	621	180	4	105	719	83494	84112	3.47e-71	262
NODE_6243253_length_390_cov_27.363144	CP007711.1	74.204	314	81	0	8	321	161672	161359	5.17e-53	201
NODE_6258324_length_137_cov_79.948276	CP007711.1	89.091	110	12	0	28	137	50025	50134	1.10e-36	145
NODE_6292697_length_366_cov_25.695652	CP007711.1	69.707	307	91	2	2	307	210251	210556	8.74e-31	127
NODE_6322782_length_137_cov_12.422414	CP007711.1	91.971	137	11	0	1	137	404866	405002	2.00e-52	197
NODE_6329073_length_154_cov_41.105263	CP007711.1	82.353	153	27	0	2	154	476074	475922	2.44e-39	154
NODE_6369671_length_609_cov_51.777211	CP007711.1	67.788	565	151	9	3	550	312107	311557	1.81e-48	187
NODE_6371707_length_247_cov_28.008850	CP007711.1	79.352	247	51	0	1	247	276297	276051	1.44e-57	215
NODE_6385028_length_283_cov_10.919847	CP007711.1	74.386	285	65	4	1	281	192190	192470	5.10e-45	174
NODE_6405957_length_623_cov_10.064784	CP007711.1	66.994	509	162	4	118	623	516457	516962	4.66e-37	149
NODE_6472473_length_1011_cov_14.475758	CP007711.1	67.727	629	181	9	368	985	544502	543885	4.83e-52	199
NODE_6505689_length_199_cov_13.556180	CP007711.1	75.610	205	39	6	1	199	404302	404103	4.53e-31	127
NODE_6509469_length_356_cov_60.528358	CP007711.1	71.772	333	92	2	24	355	450223	449892	7.94e-44	170
NODE_6517805_length_251_cov_51.939130	CP007711.1	76.471	221	52	0	24	244	30646	30866	2.33e-42	165
NODE_6526265_length_266_cov_47.053061	CP007711.1	71.805	266	75	0	1	266	594042	593777	2.83e-35	141
NODE_6542070_length_276_cov_10.105882	CP007711.1	72.894	273	70	2	4	274	550174	549904	4.65e-39	154
NODE_6565435_length_1443_cov_12.770745	CP007711.1	80.628	191	37	0	1252	1442	275733	275923	2.27e-45	178
NODE_6574866_length_287_cov_13.421053	CP007711.1	75.829	211	47	3	73	281	556964	556756	3.06e-35	141
NODE_6668993_length_307_cov_24.919580	CP007711.1	75.817	306	70	4	1	304	58162	58465	3.29e-54	205
NODE_6668994_length_262_cov_55.236515	CP007711.1	78.448	232	44	4	1	229	58162	58390	3.17e-47	181
NODE_6675338_length_246_cov_68.311111	CP007711.1	79.268	246	51	0	1	246	446471	446716	5.01e-57	214
NODE_6675339_length_210_cov_76.153439	CP007711.1	79.426	209	43	0	1	209	446491	446283	7.14e-48	183
NODE_6707050_length_1228_cov_9.265949	CP007711.1	66.507	836	230	22	131	950	212803	212002	8.74e-50	192
NODE_6731624_length_637_cov_70.871753	CP007711.1	77.758	571	105	9	86	637	143093	142526	6.60e-124	437
NODE_6802071_length_648_cov_9.231260	CP007711.1	74.639	623	148	7	1	618	470597	471214	3.05e-109	389
NODE_6808948_length_683_cov_41.767372	CP007711.1	69.913	688	191	10	5	683	575982	576662	1.46e-75	277
NODE_6809660_length_148_cov_68.858268	CP007711.1	79.720	143	29	0	6	148	254834	254692	3.24e-31	127
NODE_6837312_length_381_cov_11.725000	CP007711.1	70.573	384	110	1	1	381	201960	202343	4.72e-47	181
NODE_6853841_length_1416_cov_12.210036	CP007711.1	68.000	500	148	9	780	1273	356381	356874	3.09e-37	150
NODE_6859035_length_546_cov_23.230476	CP007711.1	71.739	322	85	2	228	546	134148	134466	1.52e-42	167
NODE_6866603_length_105_cov_65.345238	CP007711.1	86.667	105	14	0	1	105	257268	257164	2.18e-31	127
NODE_6871838_length_207_cov_18.139785	CP007711.1	77.295	207	47	0	1	207	471646	471852	2.30e-41	161
NODE_6879302_length_943_cov_8.477223	CP007711.1	67.320	765	230	12	189	943	334513	335267	1.68e-57	217
NODE_6889810_length_554_cov_8.318949	CP007711.1	68.321	524	151	8	39	553	550763	550246	1.04e-44	174
NODE_6903408_length_1650_cov_9.559239	CP007711.1	69.764	764	216	11	73	830	30863	30109	3.16e-82	300
NODE_6964026_length_250_cov_32.589520	CP007711.1	77.473	182	41	0	69	250	395470	395289	7.58e-36	143
NODE_6981714_length_1573_cov_12.386598	CP007711.1	74.675	308	78	0	8	315	428817	428510	1.78e-53	205
NODE_6985945_length_896_cov_13.834286	CP007711.1	66.792	795	236	15	1	781	558065	558845	1.22e-52	201
NODE_7009018_length_351_cov_25.790909	CP007711.1	77.077	349	79	1	4	351	542993	543341	1.32e-72	266
NODE_7009019_length_861_cov_15.894048	CP007711.1	74.949	495	110	6	4	491	542993	543480	1.74e-88	320
NODE_7045412_length_275_cov_78.464567	CP007711.1	91.855	221	15	2	57	275	209305	209086	2.73e-86	311
NODE_7063860_length_669_cov_9.544753	CP007711.1	67.712	638	191	10	35	666	593711	594339	1.64e-49	190
NODE_7099480_length_197_cov_77.789773	CP007711.1	76.000	200	42	2	1	197	80540	80736	2.04e-35	141
NODE_7104908_length_332_cov_36.199357	CP007711.1	77.246	167	38	0	86	252	322972	322806	6.47e-32	131
NODE_7163150_length_387_cov_41.461749	CP007711.1	76.265	257	61	0	131	387	478820	478564	3.23e-49	188
NODE_7168560_length_668_cov_10.681607	CP007711.1	71.400	500	138	3	1	499	98182	98677	6.95e-67	248
NODE_7189262_length_206_cov_39.983784	CP007711.1	77.487	191	37	5	19	206	209661	209848	3.17e-33	134
NODE_7212557_length_154_cov_76.360902	CP007711.1	91.429	105	9	0	1	105	614197	614093	1.04e-37	149
NODE_7231541_length_331_cov_8.764516	CP007711.1	70.807	322	84	8	3	319	51076	50760	6.45e-32	131
NODE_7233580_length_167_cov_82.020548	CP007711.1	77.844	167	37	0	1	167	84617	84451	2.51e-33	134
NODE_7236315_length_1589_cov_58.548469	CP007711.1	66.201	787	236	12	521	1292	520259	521030	3.25e-50	194
NODE_7239953_length_533_cov_21.419922	CP007711.1	73.333	360	85	6	70	422	129328	128973	2.50e-52	199
NODE_7246594_length_268_cov_74.979757	CP007711.1	75.665	263	64	0	6	268	59152	59414	7.65e-49	187
NODE_7247982_length_142_cov_15.123967	CP007711.1	83.099	142	24	0	1	142	471521	471662	9.45e-38	149
NODE_7247984_length_321_cov_7.186667	CP007711.1	74.903	259	65	0	2	260	471540	471282	5.84e-45	174
NODE_7254431_length_399_cov_20.605820	CP007711.1	73.898	295	75	2	1	294	438638	438931	6.04e-46	178
NODE_7254475_length_331_cov_9.864516	CP007711.1	73.795	332	78	4	1	328	257079	256753	5.29e-52	197
NODE_7306480_length_161_cov_63.685714	CP007711.1	92.547	161	12	0	1	161	402365	402205	2.74e-64	237
NODE_7351890_length_740_cov_13.125174	CP007711.1	71.429	448	126	2	294	740	122680	123126	8.81e-60	224
NODE_7414941_length_276_cov_47.898039	CP007711.1	78.715	249	53	0	27	275	561408	561160	6.89e-56	210
NODE_7414943_length_202_cov_55.320442	CP007711.1	78.307	189	41	0	14	202	561427	561615	9.50e-40	156
NODE_7443976_length_452_cov_8.979118	CP007711.1	73.061	245	58	4	2	242	147024	146784	7.36e-33	134
NODE_7478499_length_153_cov_59.719697	CP007711.1	85.088	114	17	0	11	124	202869	202982	9.65e-32	129
NODE_7486699_length_327_cov_54.833333	CP007711.1	75.610	205	48	2	12	215	491551	491754	4.29e-34	138
NODE_7507951_length_162_cov_15.304965	CP007711.1	79.375	160	31	2	1	159	224171	224329	8.46e-33	132
NODE_7521004_length_382_cov_36.213296	CP007711.1	77.225	382	85	2	2	382	561160	561540	1.27e-79	289
NODE_7538579_length_374_cov_26.515581	CP007711.1	74.242	330	85	0	7	336	58928	58599	2.73e-56	212
NODE_7565986_length_427_cov_23.529557	CP007711.1	72.673	333	83	6	1	329	323066	323394	9.62e-44	170
NODE_7597827_length_216_cov_13.943590	CP007711.1	81.457	151	28	0	3	153	93300	93150	5.30e-37	147
NODE_7619815_length_514_cov_35.430020	CP007711.1	70.207	386	107	6	2	383	550999	551380	7.38e-40	158
NODE_7660912_length_1210_cov_41.778806	CP007711.1	66.461	1133	342	18	35	1148	126659	127772	1.77e-77	284
NODE_7665910_length_217_cov_47.219388	CP007711.1	75.362	207	51	0	1	207	268101	267895	6.49e-36	143
NODE_7673844_length_1280_cov_601.930103	CP007711.1	73.993	273	71	0	779	1051	552798	552526	8.54e-44	172
NODE_7690224_length_632_cov_17.805237	CP007711.1	70.088	341	98	2	2	340	535827	536165	1.35e-37	150
NODE_7746701_length_413_cov_10.477041	CP007711.1	71.765	340	96	0	6	345	78536	78875	5.14e-47	181
NODE_7758957_length_497_cov_15.455882	CP007711.1	74.531	373	86	4	1	367	516300	515931	3.23e-63	235
NODE_7766209_length_666_cov_30.462016	CP007711.1	71.471	333	93	2	324	655	333934	333603	6.49e-42	165
NODE_7809246_length_246_cov_26.177778	CP007711.1	72.314	242	63	2	7	246	50547	50786	1.64e-31	129
NODE_7834827_length_298_cov_84.974729	CP007711.1	83.824	136	19	3	164	298	402860	402993	1.35e-33	136
NODE_7848391_length_1324_cov_11.747506	CP007711.1	64.756	1047	346	16	288	1321	170987	172023	2.53e-44	174
NODE_7875689_length_466_cov_24.660674	CP007711.1	68.878	392	115	6	77	466	330540	330154	2.18e-33	136
NODE_7884381_length_683_cov_12.649547	CP007711.1	79.888	179	36	0	8	186	200407	200229	8.12e-41	161
NODE_7890716_length_221_cov_65.945000	CP007711.1	79.114	158	33	0	1	158	401558	401401	9.83e-34	136
NODE_7905290_length_844_cov_10.951397	CP007711.1	65.098	871	250	19	1	844	276278	277121	2.89e-41	163
NODE_7929171_length_454_cov_13.879908	CP007711.1	74.662	296	61	7	3	288	395488	395197	6.92e-46	178
NODE_7931347_length_459_cov_95.593607	CP007711.1	80.435	460	86	2	1	458	17141	17598	1.26e-118	419
NODE_7977440_length_286_cov_23.298113	CP007711.1	73.852	283	69	3	1	282	553032	552754	2.19e-43	168
NODE_8005600_length_451_cov_26.544186	CP007711.1	68.876	347	106	1	42	388	101027	101371	2.10e-33	136
NODE_8042597_length_198_cov_6.163842	CP007711.1	76.440	191	45	0	8	198	113808	113998	2.05e-35	141
NODE_8042598_length_465_cov_75.468468	CP007711.1	79.610	461	88	2	8	465	113808	114265	2.81e-114	405
NODE_8093878_length_374_cov_11.206799	CP007711.1	79.044	272	57	0	93	364	16790	17061	8.36e-63	233
NODE_8106031_length_401_cov_32.563158	CP007711.1	71.031	359	100	3	29	385	99272	98916	3.14e-43	168
NODE_8197844_length_301_cov_24.910714	CP007711.1	75.304	247	55	2	58	301	361956	362199	8.09e-43	167
NODE_8197845_length_566_cov_33.607339	CP007711.1	71.965	346	89	2	80	421	361978	362319	5.87e-48	185
NODE_8240760_length_511_cov_60.479592	CP007711.1	72.835	508	138	0	4	511	444358	443851	4.05e-81	295
NODE_8250603_length_655_cov_15.618297	CP007711.1	73.731	335	88	0	213	547	117686	118020	5.97e-55	208
NODE_8257939_length_995_cov_15.120123	CP007711.1	81.119	143	27	0	4	146	27050	26908	4.76e-33	136
NODE_8284190_length_248_cov_16.017621	CP007711.1	74.494	247	63	0	1	247	95497	95743	2.80e-41	161
NODE_8284583_length_875_cov_20.633489	CP007711.1	69.976	423	121	3	3	422	535789	535370	3.20e-47	183
NODE_8302840_length_415_cov_42.736041	CP007711.1	70.383	287	76	3	103	383	578954	579237	2.86e-31	129
NODE_8322087_length_349_cov_16.384146	CP007711.1	72.951	366	78	9	2	349	132284	132646	2.38e-50	192
NODE_8325230_length_621_cov_8.791667	CP007711.1	71.184	583	157	8	40	615	251750	251172	6.88e-73	268
NODE_8371371_length_589_cov_12.739437	CP007711.1	68.868	424	118	9	48	464	576441	576025	6.52e-35	141
NODE_8377981_length_231_cov_49.523810	CP007711.1	83.212	137	23	0	91	227	26914	27050	6.95e-36	143
NODE_8406857_length_212_cov_13.308901	CP007711.1	80.660	212	41	0	1	212	254643	254854	3.27e-52	197
NODE_8414088_length_252_cov_46.004329	CP007711.1	81.119	143	25	2	111	252	191913	191772	1.68e-31	129
NODE_8427622_length_632_cov_30.075286	CP007711.1	69.450	527	149	6	2	522	118692	118172	5.75e-55	208
NODE_8433027_length_581_cov_22.610714	CP007711.1	68.664	584	171	6	4	581	476155	476732	4.33e-56	212
NODE_8435705_length_113_cov_73.771739	CP007711.1	91.304	115	6	4	1	113	405668	405556	7.28e-38	149
NODE_8441067_length_209_cov_19.276596	CP007711.1	74.242	198	51	0	5	202	253515	253712	4.79e-31	127
NODE_8501952_length_554_cov_36.442777	CP007711.1	71.237	299	82	2	4	300	88979	89275	1.44e-36	147
NODE_8516903_length_174_cov_40.699346	CP007711.1	79.532	171	35	0	3	173	394645	394815	3.42e-38	150
NODE_8516904_length_174_cov_40.712418	CP007711.1	83.444	151	25	0	23	173	394665	394815	6.60e-41	159
NODE_8517472_length_272_cov_6.633466	CP007711.1	72.059	272	74	2	1	271	6954	7224	2.89e-35	141
NODE_8554891_length_145_cov_46.951613	CP007711.1	92.500	120	9	0	26	145	50233	50114	6.97e-46	176
NODE_8598229_length_254_cov_70.884120	CP007711.1	73.859	241	61	2	8	247	154700	154461	7.71e-36	143
NODE_8633194_length_809_cov_58.381980	CP007711.1	78.739	809	172	0	1	809	389957	389149	0.0	684
NODE_8653610_length_200_cov_54.994413	CP007711.1	82.979	188	32	0	7	194	19529	19342	1.07e-51	196
NODE_8662147_length_1847_cov_11.871303	CP007711.1	65.912	1546	471	25	317	1836	28770	27255	2.23e-97	351
NODE_8665828_length_244_cov_23.641256	CP007711.1	72.222	252	54	5	1	244	268647	268890	4.66e-32	131
NODE_8684137_length_251_cov_45.239130	CP007711.1	73.362	229	54	4	10	235	240467	240243	5.85e-31	127
NODE_8691430_length_215_cov_63.417526	CP007711.1	75.000	212	53	0	4	215	48467	48678	6.43e-36	143
NODE_8691431_length_256_cov_41.336170	CP007711.1	72.840	243	66	0	1	243	48484	48242	2.71e-35	141
NODE_8691432_length_256_cov_32.834043	CP007711.1	74.486	243	62	0	1	243	48484	48242	1.01e-40	159
NODE_8709154_length_964_cov_27.464475	CP007711.1	75.455	220	50	2	747	964	357234	357017	7.30e-37	149
NODE_8806713_length_945_cov_29.750000	CP007711.1	69.150	953	278	10	1	945	117869	116925	1.79e-101	363
NODE_8845632_length_280_cov_10.652510	CP007711.1	72.015	268	75	0	13	280	476743	476476	2.45e-36	145
NODE_8867890_length_501_cov_37.918750	CP007711.1	77.656	273	56	3	104	374	357248	356979	4.53e-55	208
NODE_8875440_length_701_cov_56.995588	CP007711.1	70.027	377	101	1	327	691	73805	74181	1.08e-45	178
NODE_8885294_length_151_cov_43.953846	CP007711.1	80.667	150	29	0	2	151	359940	360089	5.26e-35	140
NODE_8885783_length_906_cov_65.542373	CP007711.1	68.630	832	247	10	14	838	71654	70830	8.89e-80	291
NODE_8899948_length_498_cov_14.247379	CP007711.1	69.018	397	106	6	84	473	201164	200778	1.06e-37	150
NODE_8902853_length_332_cov_20.382637	CP007711.1	79.213	178	37	0	72	249	322797	322974	5.67e-39	154
NODE_8904649_length_856_cov_11.188024	CP007711.1	72.149	377	95	5	149	517	177983	177609	1.73e-50	194
NODE_8924829_length_285_cov_46.200758	CP007711.1	75.000	196	49	0	1	196	210997	211192	1.57e-32	132
NODE_8926539_length_602_cov_14.165232	CP007711.1	74.677	541	127	6	67	602	542147	541612	1.28e-94	340
NODE_8928714_length_180_cov_112.339623	CP007711.1	77.222	180	41	0	1	180	516962	516783	6.42e-35	140
NODE_8931046_length_159_cov_61.442029	CP007711.1	79.739	153	31	0	6	158	146872	147024	6.80e-34	136
NODE_8936066_length_144_cov_624.764228	CP007711.1	80.420	143	28	0	2	144	389297	389155	7.39e-33	132
NODE_8947886_length_225_cov_14.568627	CP007711.1	75.349	215	49	3	1	213	585290	585078	8.23e-35	140
NODE_8960900_length_299_cov_28.100719	CP007711.1	71.895	306	76	4	1	299	240212	240514	1.45e-39	156
NODE_9046024_length_342_cov_74.520249	CP007711.1	78.947	342	72	0	1	342	51063	51404	9.25e-81	293
NODE_9056431_length_798_cov_8.657658	CP007711.1	70.588	442	122	5	109	546	199106	198669	4.62e-51	196
NODE_9113343_length_282_cov_13.996169	CP007711.1	77.544	285	58	2	1	282	446484	446765	1.12e-59	223
NODE_9113345_length_223_cov_13.742574	CP007711.1	77.027	222	51	0	1	222	446504	446283	4.81e-44	170
NODE_9149291_length_263_cov_76.508264	CP007711.1	94.253	261	15	0	3	263	401789	402049	5.38e-114	403
NODE_9211970_length_260_cov_70.485356	CP007711.1	81.224	245	46	0	1	245	47477	47721	1.63e-63	235
NODE_9238948_length_419_cov_14.630653	CP007711.1	72.050	322	80	6	38	357	95325	95012	5.95e-40	158
NODE_9244353_length_932_cov_25.032931	CP007711.1	70.828	857	239	4	22	871	428613	429465	1.36e-115	410
NODE_9345765_length_472_cov_25.532151	CP007711.1	73.307	251	67	0	83	333	478561	478811	1.00e-37	150
NODE_9350572_length_490_cov_14.330490	CP007711.1	72.619	420	109	4	56	472	254204	253788	1.65e-60	226
NODE_9352943_length_121_cov_69.470000	CP007711.1	87.963	108	13	0	1	108	475789	475682	4.99e-34	136
NODE_9423942_length_307_cov_18.867133	CP007711.1	73.786	309	75	4	2	307	58151	58456	1.31e-46	179
NODE_9425802_length_854_cov_42.019208	CP007711.1	69.401	634	186	8	5	634	198641	198012	1.33e-64	241
NODE_9435910_length_824_cov_23.486924	CP007711.1	70.588	595	151	12	1	583	198588	198006	7.08e-68	251
NODE_9435911_length_625_cov_21.319536	CP007711.1	69.763	549	144	13	2	539	198569	199106	2.42e-53	203
NODE_9466231_length_1644_cov_12.862600	CP007711.1	77.880	217	45	3	1376	1590	441670	441885	1.63e-41	165
NODE_9466736_length_381_cov_26.125000	CP007711.1	68.986	345	107	0	1	345	438653	438309	1.45e-34	140
NODE_9495695_length_369_cov_48.554598	CP007711.1	77.657	367	81	1	4	369	543350	542984	1.22e-79	289
NODE_9536838_length_415_cov_39.761421	CP007711.1	71.831	355	88	3	1	349	92545	92197	1.21e-48	187
NODE_9584145_length_173_cov_45.434211	CP007711.1	76.970	165	38	0	8	172	253208	253372	3.88e-31	127
NODE_9592465_length_637_cov_43.016234	CP007711.1	71.529	569	144	6	2	561	240798	241357	2.63e-78	286
NODE_9603036_length_1792_cov_10.481649	CP007711.1	69.256	1210	327	19	14	1205	48458	47276	1.66e-130	461
NODE_9626836_length_222_cov_19.009950	CP007711.1	81.095	201	38	0	1	201	30527	30327	1.46e-50	192
NODE_9630693_length_237_cov_54.157407	CP007711.1	78.704	216	44	2	1	215	438706	438492	1.21e-45	176
NODE_9639170_length_354_cov_78.537538	CP007711.1	79.487	312	64	0	43	354	445980	446291	2.58e-75	275
NODE_9643802_length_510_cov_13.842536	CP007711.1	74.194	310	70	3	1	305	132102	131798	1.02e-50	194
NODE_9652741_length_301_cov_43.275000	CP007711.1	73.310	281	71	4	1	279	54696	54974	5.10e-39	154
NODE_9670956_length_407_cov_64.424870	CP007711.1	75.250	400	95	4	2	399	470675	471072	6.58e-71	260
NODE_9712337_length_205_cov_27.119565	CP007711.1	75.728	206	46	2	1	204	269241	269038	2.13e-35	141
NODE_9746102_length_224_cov_12.837438	CP007711.1	75.111	225	50	2	3	224	241021	240800	4.53e-38	150
NODE_9746103_length_455_cov_11.967742	CP007711.1	74.722	360	87	2	1	358	241003	241360	1.03e-62	233
NODE_9763786_length_330_cov_5.339806	CP007711.1	70.536	336	81	7	1	327	310755	310429	2.92e-36	145
NODE_9764665_length_231_cov_68.976190	CP007711.1	88.889	234	23	2	1	231	402379	402612	1.43e-82	298
NODE_9764840_length_1450_cov_13.489853	CP007711.1	68.265	1043	303	15	1	1029	210987	209959	2.13e-96	347
NODE_9764944_length_179_cov_67.037975	CP007711.1	81.212	165	31	0	7	171	275897	275733	2.38e-40	158
NODE_9764955_length_464_cov_30.589165	CP007711.1	75.720	243	51	4	29	267	615465	615703	5.44e-41	161
NODE_9765128_length_825_cov_81.721393	CP007711.1	72.749	822	224	0	1	822	18573	17752	1.20e-134	473
