NODE_3193_length_183_cov_11.549383	CP020122.1	79.121	182	38	0	2	183	485414	485233	2.48e-40	158
NODE_3194_length_558_cov_12.890130	CP020122.1	72.114	563	147	2	1	558	485395	485952	7.15e-85	307
NODE_48308_length_259_cov_72.890756	CP020122.1	77.099	262	57	2	1	259	406574	406835	1.45e-51	196
NODE_69971_length_221_cov_86.915000	CP020122.1	93.023	215	15	0	7	221	404553	404339	4.24e-89	320
NODE_118582_length_161_cov_55.307143	CP020122.1	78.049	164	28	3	1	160	277442	277283	3.63e-31	127
NODE_154059_length_820_cov_29.677096	CP020122.1	67.993	603	163	18	3	590	416584	415997	2.85e-41	163
NODE_161891_length_325_cov_14.776316	CP020122.1	75.153	326	79	2	1	325	242450	242774	1.96e-57	215
NODE_194631_length_601_cov_17.882759	CP020122.1	68.247	485	140	9	1	478	533200	532723	3.75e-38	152
NODE_199682_length_134_cov_46.884956	CP020122.1	83.465	127	21	0	1	127	176961	176835	1.98e-33	134
NODE_201362_length_295_cov_8.554745	CP020122.1	71.626	289	78	2	1	287	277055	277341	7.54e-37	147
NODE_266494_length_440_cov_10.575179	CP020122.1	82.418	364	64	0	77	440	224447	224084	1.94e-103	369
NODE_280449_length_812_cov_12.312263	CP020122.1	70.408	392	100	9	42	425	346440	346823	1.20e-39	158
NODE_301199_length_484_cov_28.751620	CP020122.1	68.378	487	130	8	1	484	508524	508989	1.12e-43	170
NODE_312271_length_557_cov_10.223881	CP020122.1	76.396	555	131	0	3	557	184137	184691	8.12e-116	410
NODE_316395_length_228_cov_30.144928	CP020122.1	73.362	229	59	2	1	228	52242	52469	4.40e-32	131
NODE_329690_length_897_cov_13.796804	CP020122.1	67.343	542	173	4	12	551	571997	572536	8.97e-42	165
NODE_338165_length_625_cov_10.077815	CP020122.1	73.307	251	56	4	164	408	86958	87203	2.02e-35	143
NODE_351424_length_337_cov_7.395570	CP020122.1	72.956	318	71	4	31	335	470304	469989	4.21e-47	181
NODE_359994_length_803_cov_21.820972	CP020122.1	75.379	264	65	0	516	779	595505	595768	2.98e-47	183
NODE_374032_length_328_cov_66.029316	CP020122.1	77.744	328	73	0	1	328	184034	184361	1.52e-71	262
NODE_378131_length_2586_cov_9.259259	CP020122.1	69.941	1018	275	16	541	1546	557975	558973	1.11e-115	412
NODE_389819_length_669_cov_13.462963	CP020122.1	72.552	572	143	7	107	669	135459	136025	3.01e-84	306
NODE_396641_length_966_cov_49.002116	CP020122.1	73.351	379	88	7	38	411	503015	502645	9.05e-55	208
NODE_423283_length_1291_cov_13.165354	CP020122.1	72.027	1026	285	2	3	1027	446895	445871	3.04e-157	549
NODE_423284_length_261_cov_29.237500	CP020122.1	70.930	258	75	0	1	258	446877	447134	6.21e-31	127
NODE_432691_length_356_cov_10.817910	CP020122.1	72.063	315	88	0	41	355	253767	254081	2.31e-44	172
NODE_438637_length_510_cov_12.572597	CP020122.1	69.231	338	98	4	128	462	211260	210926	3.61e-31	129
NODE_528878_length_1379_cov_11.118557	CP020122.1	66.358	755	158	17	1	716	83874	84571	4.85e-60	226
NODE_532240_length_806_cov_11.629299	CP020122.1	70.505	495	144	2	312	805	295560	295067	8.03e-61	228
NODE_597364_length_320_cov_6.364548	CP020122.1	73.818	275	70	2	47	320	146471	146744	3.06e-42	165
NODE_601176_length_662_cov_9.957878	CP020122.1	70.312	320	91	2	33	350	442344	442661	2.14e-35	143
NODE_611993_length_322_cov_38.677741	CP020122.1	78.022	182	40	0	1	182	398099	398280	2.37e-37	149
NODE_646894_length_406_cov_21.116883	CP020122.1	73.066	349	90	4	49	395	90988	90642	2.84e-50	192
NODE_648279_length_1824_cov_14.770383	CP020122.1	68.622	682	199	7	952	1630	221886	221217	1.97e-66	248
NODE_653603_length_226_cov_12.004878	CP020122.1	79.111	225	47	0	1	225	432067	431843	4.35e-51	194
NODE_683572_length_606_cov_68.820513	CP020122.1	74.135	607	149	4	1	603	474438	473836	1.83e-105	376
NODE_712173_length_1392_cov_18.830780	CP020122.1	71.570	911	251	5	329	1235	489427	488521	1.31e-130	461
NODE_732154_length_1510_cov_14.773674	CP020122.1	71.429	343	96	2	1	342	209434	209093	3.58e-43	170
NODE_753715_length_197_cov_91.250000	CP020122.1	77.320	194	44	0	1	194	136883	136690	1.14e-38	152
NODE_778979_length_254_cov_51.686695	CP020122.1	75.099	253	63	0	1	253	256879	256627	1.62e-44	172
NODE_798124_length_372_cov_8.880342	CP020122.1	71.622	296	82	2	1	295	189833	190127	2.77e-37	149
NODE_915248_length_1023_cov_8.936128	CP020122.1	68.822	433	118	10	440	862	574280	574705	3.35e-35	143
NODE_968842_length_797_cov_19.961340	CP020122.1	66.079	681	204	11	69	736	588600	587934	9.68e-41	161
NODE_985135_length_79_cov_60.017241	CP020122.1	97.468	79	2	0	1	79	407872	407950	1.04e-33	134
NODE_994078_length_367_cov_33.878613	CP020122.1	69.745	314	93	2	55	367	333955	333643	7.32e-32	131
NODE_1017237_length_190_cov_76.165680	CP020122.1	79.333	150	31	0	41	190	205632	205483	3.59e-32	131
NODE_1040240_length_558_cov_36.348231	CP020122.1	73.636	330	87	0	6	335	175874	176203	2.19e-53	203
NODE_1067953_length_686_cov_12.121805	CP020122.1	75.000	236	55	1	3	234	473192	472957	2.89e-40	159
NODE_1089371_length_260_cov_69.953975	CP020122.1	77.778	180	40	0	61	240	344192	344013	2.30e-36	145
NODE_1116344_length_939_cov_10.705882	CP020122.1	71.760	517	135	6	430	939	81715	82227	1.94e-69	257
NODE_1124536_length_959_cov_11.076759	CP020122.1	77.059	340	78	0	601	940	28592	28931	4.65e-71	262
NODE_1129271_length_1895_cov_51.798292	CP020122.1	69.418	1066	299	12	1	1048	6156	7212	4.50e-119	423
NODE_1172941_length_145_cov_35.459677	CP020122.1	85.271	129	19	0	1	129	51797	51925	3.44e-37	147
NODE_1180668_length_253_cov_20.793103	CP020122.1	73.092	249	59	4	4	248	167808	167564	1.16e-33	136
NODE_1188825_length_285_cov_1.625000	CP020122.1	71.004	269	78	0	2	270	391953	392221	4.58e-33	134
NODE_1220089_length_323_cov_24.672185	CP020122.1	80.000	265	53	0	59	323	448803	449067	1.71e-64	239
NODE_1271628_length_203_cov_63.653846	CP020122.1	74.877	203	51	0	1	203	474624	474422	9.10e-34	136
NODE_1281798_length_225_cov_28.220588	CP020122.1	75.446	224	55	0	1	224	98998	98775	1.09e-39	156
NODE_1328848_length_183_cov_82.320988	CP020122.1	76.344	186	38	2	1	183	205319	205501	2.83e-33	134
NODE_1328899_length_153_cov_37.409091	CP020122.1	85.965	114	16	0	30	143	135534	135647	2.31e-33	134
NODE_1349835_length_271_cov_26.164000	CP020122.1	76.119	268	64	0	2	269	446628	446895	1.51e-51	196
NODE_1351189_length_925_cov_9.665929	CP020122.1	69.767	301	91	0	442	742	343160	342860	5.47e-32	132
NODE_1369522_length_529_cov_28.464567	CP020122.1	75.325	231	55	2	203	432	250891	251120	3.29e-38	152
NODE_1385091_length_566_cov_8.216514	CP020122.1	74.033	362	83	7	33	390	562488	562842	5.22e-55	208
NODE_1390986_length_808_cov_49.444727	CP020122.1	73.315	356	89	2	61	413	342860	343212	2.16e-55	210
NODE_1393788_length_728_cov_10.099010	CP020122.1	68.975	722	220	2	1	720	183327	184046	8.80e-79	288
NODE_1412299_length_601_cov_19.496552	CP020122.1	75.446	224	53	2	379	601	344980	345202	4.56e-37	149
NODE_1482485_length_498_cov_8.798742	CP020122.1	69.048	504	141	6	1	498	147220	146726	3.52e-50	192
NODE_1519810_length_898_cov_12.872292	CP020122.1	66.083	914	267	24	1	894	53153	54043	1.17e-46	181
NODE_1583010_length_427_cov_80.012315	CP020122.1	79.404	403	83	0	25	427	183794	183392	1.45e-98	352
NODE_1668035_length_202_cov_24.414365	CP020122.1	75.258	194	48	0	4	197	53291	53098	3.16e-33	134
NODE_1690469_length_708_cov_19.756914	CP020122.1	68.970	709	200	10	11	708	394907	395606	1.19e-70	260
NODE_1692484_length_189_cov_10.755952	CP020122.1	78.363	171	37	0	1	171	86325	86155	1.98e-35	141
NODE_1719504_length_313_cov_12.222603	CP020122.1	72.313	307	85	0	1	307	170383	170689	7.04e-44	170
NODE_1719505_length_145_cov_24.846774	CP020122.1	81.295	139	26	0	1	139	170383	170521	2.17e-33	134
NODE_1766719_length_199_cov_37.539326	CP020122.1	78.500	200	41	2	1	199	257596	257794	7.80e-41	159
NODE_1805797_length_309_cov_55.743056	CP020122.1	76.923	221	51	0	2	222	168101	167881	2.42e-43	168
NODE_1805798_length_309_cov_30.531250	CP020122.1	76.037	217	52	0	2	218	168101	167885	4.38e-40	158
NODE_1837571_length_495_cov_23.409283	CP020122.1	70.161	496	136	8	1	490	47822	47333	1.93e-53	203
NODE_1851449_length_438_cov_83.705036	CP020122.1	75.467	428	89	5	19	438	206470	206051	4.27e-80	291
NODE_1883084_length_845_cov_23.345874	CP020122.1	67.990	781	231	12	1	773	590107	590876	1.10e-65	244
NODE_1893015_length_424_cov_11.523573	CP020122.1	71.910	267	75	0	139	405	459302	459036	1.35e-35	143
NODE_1909012_length_196_cov_45.520000	CP020122.1	76.020	196	47	0	1	196	51238	51433	2.06e-35	141
NODE_1909013_length_196_cov_37.851429	CP020122.1	78.061	196	43	0	1	196	51238	51433	7.67e-41	159
NODE_1909014_length_143_cov_67.491803	CP020122.1	88.112	143	17	0	1	143	51258	51116	1.64e-47	181
NODE_1910507_length_317_cov_69.577703	CP020122.1	73.016	315	77	1	11	317	85719	85405	2.66e-49	188
NODE_1950204_length_169_cov_9.864865	CP020122.1	80.233	172	28	2	1	169	242285	242453	2.76e-39	154
NODE_1955220_length_138_cov_49.649573	CP020122.1	83.459	133	22	0	3	135	83388	83520	1.38e-35	141
NODE_1955221_length_397_cov_21.630319	CP020122.1	72.319	401	99	5	3	397	83388	83782	2.96e-56	212
NODE_1970744_length_240_cov_52.452055	CP020122.1	77.157	197	43	2	3	198	551541	551346	2.11e-36	145
NODE_1990752_length_300_cov_47.365591	CP020122.1	74.384	203	52	0	82	284	345712	345914	1.69e-32	132
NODE_2049656_length_243_cov_85.608108	CP020122.1	92.593	243	11	2	8	243	624848	624606	2.28e-99	354
NODE_2135154_length_523_cov_7.679283	CP020122.1	69.863	365	104	2	8	369	195995	196356	2.19e-40	159
NODE_2135333_length_1258_cov_44.970897	CP020122.1	72.840	405	90	10	41	436	587993	588386	1.18e-54	208
NODE_2149097_length_388_cov_30.397820	CP020122.1	69.968	313	91	2	79	388	282035	282347	6.37e-33	134
NODE_2159233_length_407_cov_18.375648	CP020122.1	70.905	409	115	3	1	407	29286	28880	2.85e-50	192
NODE_2160647_length_511_cov_33.381633	CP020122.1	75.198	504	123	2	1	503	256975	256473	3.85e-94	338
NODE_2169313_length_272_cov_58.860558	CP020122.1	72.794	272	68	3	1	269	167540	167808	1.98e-37	149
NODE_2174703_length_214_cov_11.839378	CP020122.1	77.439	164	37	0	1	164	370120	369957	1.43e-31	129
NODE_2181111_length_995_cov_54.142710	CP020122.1	68.094	467	124	10	6	461	346650	347102	7.67e-37	149
NODE_2242048_length_519_cov_73.337349	CP020122.1	73.318	431	112	1	92	519	472957	473387	1.05e-69	257
NODE_2256426_length_790_cov_12.055917	CP020122.1	69.814	752	219	5	3	750	123931	124678	5.65e-88	318
NODE_2310748_length_209_cov_8.058511	CP020122.1	75.490	204	42	4	1	200	251792	251593	1.14e-32	132
NODE_2342854_length_178_cov_124.834395	CP020122.1	78.652	178	34	2	2	177	136001	135826	1.52e-36	145
NODE_2440076_length_257_cov_36.622881	CP020122.1	71.984	257	72	0	1	257	485933	486189	9.67e-35	140
NODE_2440343_length_1831_cov_15.337569	CP020122.1	64.335	1315	380	36	1	1287	503190	501937	1.02e-44	176
NODE_2456446_length_953_cov_22.410944	CP020122.1	69.707	888	253	11	61	942	502645	503522	9.52e-99	354
NODE_2508984_length_600_cov_14.257340	CP020122.1	68.458	577	160	9	23	588	15536	16101	2.87e-52	199
NODE_2553558_length_340_cov_51.150470	CP020122.1	69.670	333	101	0	4	336	43746	44078	3.06e-36	145
NODE_2558937_length_263_cov_28.855372	CP020122.1	72.075	265	70	2	1	263	283316	283578	9.92e-35	140
NODE_2570658_length_286_cov_21.671698	CP020122.1	77.586	174	39	0	4	177	562466	562293	3.78e-34	138
NODE_2608926_length_365_cov_16.706395	CP020122.1	74.587	303	77	0	63	365	136916	136614	1.71e-52	199
NODE_2625313_length_281_cov_61.000000	CP020122.1	75.887	282	61	6	2	279	93110	92832	3.47e-47	181
NODE_2662567_length_227_cov_21.053398	CP020122.1	74.123	228	51	4	2	225	283610	283387	3.59e-33	134
NODE_2692223_length_1045_cov_56.200195	CP020122.1	67.521	702	198	15	307	993	568650	567964	1.77e-51	197
NODE_2697936_length_232_cov_557.862559	CP020122.1	74.419	215	49	4	21	232	224535	224746	5.46e-31	127
NODE_2700654_length_1091_cov_10.186916	CP020122.1	67.444	1072	305	17	1	1044	471423	470368	1.85e-89	324
NODE_2725076_length_292_cov_617.929889	CP020122.1	72.566	226	62	0	1	226	51335	51110	2.00e-31	129
NODE_2730602_length_166_cov_49.944828	CP020122.1	79.874	159	32	0	8	166	558488	558330	4.89e-36	143
NODE_2786781_length_163_cov_57.176056	CP020122.1	77.301	163	37	0	1	163	136089	136251	3.68e-31	127
NODE_2801148_length_398_cov_2.726790	CP020122.1	76.271	177	42	0	212	388	53010	53186	7.97e-32	131
NODE_2822151_length_774_cov_8.642762	CP020122.1	72.874	247	65	2	529	774	183099	183344	3.74e-33	136
NODE_2837218_length_738_cov_28.030683	CP020122.1	68.934	647	189	6	1	641	587090	586450	9.54e-66	244
NODE_2854211_length_781_cov_12.564474	CP020122.1	69.604	454	132	6	326	776	75062	74612	4.30e-45	176
NODE_2883153_length_309_cov_24.451389	CP020122.1	72.628	274	75	0	36	309	319805	320078	1.53e-39	156
NODE_2901964_length_328_cov_40.179153	CP020122.1	75.510	196	48	0	132	327	369955	370150	4.37e-34	138
NODE_2904427_length_334_cov_18.904153	CP020122.1	74.320	331	83	2	5	334	251856	251527	1.05e-54	206
NODE_2904428_length_334_cov_56.335463	CP020122.1	72.205	331	90	2	5	334	251856	251527	1.77e-45	176
NODE_2961404_length_500_cov_10.265136	CP020122.1	75.000	500	119	5	1	499	224103	223609	2.89e-89	322
NODE_2961405_length_219_cov_72.131313	CP020122.1	82.648	219	38	0	1	219	224103	223885	2.48e-60	224
NODE_2992133_length_375_cov_16.225989	CP020122.1	74.497	298	74	2	74	370	146214	146510	3.18e-49	188
NODE_2992134_length_372_cov_39.561254	CP020122.1	74.324	296	76	0	4	299	146144	146439	2.59e-50	192
NODE_3014705_length_271_cov_25.184000	CP020122.1	80.519	154	24	3	1	151	525854	525704	4.34e-33	134
NODE_3086933_length_1018_cov_9.477432	CP020122.1	67.373	944	259	13	29	964	576360	575458	1.97e-82	300
NODE_3132241_length_1265_cov_12.440514	CP020122.1	66.593	904	260	17	8	890	454311	455193	3.64e-61	230
NODE_3138347_length_548_cov_42.347249	CP020122.1	71.273	550	154	2	1	548	29264	28717	4.15e-75	275
NODE_3146769_length_368_cov_17.374640	CP020122.1	71.547	362	99	4	8	367	283323	282964	6.87e-45	174
NODE_3172918_length_242_cov_14.570136	CP020122.1	77.401	177	40	0	66	242	93861	94037	9.06e-35	140
NODE_3176823_length_1012_cov_44.478305	CP020122.1	65.743	1010	319	17	1	995	470640	469643	2.72e-55	210
NODE_3189815_length_253_cov_69.439655	CP020122.1	80.335	239	47	0	15	253	93329	93091	1.24e-58	219
NODE_3230403_length_374_cov_22.430595	CP020122.1	72.253	364	88	3	16	371	252353	251995	1.75e-52	199
NODE_3255023_length_1147_cov_68.828597	CP020122.1	70.189	530	154	2	101	628	533329	532802	6.37e-64	239
NODE_3255023_length_1147_cov_68.828597	CP020122.1	73.818	275	72	0	872	1146	532570	532296	7.77e-44	172
NODE_3275959_length_521_cov_48.770000	CP020122.1	70.769	520	144	6	6	521	47333	47848	1.20e-62	233
NODE_3293504_length_306_cov_78.578947	CP020122.1	75.232	323	58	2	1	303	526157	525837	6.86e-63	233
NODE_3297345_length_423_cov_22.427861	CP020122.1	70.483	393	106	7	35	422	363938	363551	1.44e-41	163
NODE_3297346_length_861_cov_46.734524	CP020122.1	68.893	614	170	12	27	630	363945	363343	6.61e-56	212
NODE_3395567_length_273_cov_64.714286	CP020122.1	72.593	270	69	3	2	270	330089	330354	2.42e-36	145
NODE_3395568_length_187_cov_22.698795	CP020122.1	78.235	170	28	4	2	168	330089	330252	3.53e-32	131
NODE_3407746_length_257_cov_12.432203	CP020122.1	73.152	257	69	0	1	257	60588	60332	1.53e-38	152
NODE_3461555_length_300_cov_40.569892	CP020122.1	73.684	266	70	0	35	300	414878	415143	2.86e-42	165
NODE_3552556_length_844_cov_12.454435	CP020122.1	68.917	785	195	21	2	748	82385	83158	3.35e-72	266
NODE_3562861_length_456_cov_42.291954	CP020122.1	73.333	360	96	0	16	375	113368	113727	8.05e-58	217
NODE_3569076_length_247_cov_14.252212	CP020122.1	84.472	161	23	2	88	247	284386	284545	5.47e-44	170
NODE_3574882_length_219_cov_60.080808	CP020122.1	85.520	221	27	4	1	219	405748	405965	3.23e-65	241
NODE_3584695_length_148_cov_37.015748	CP020122.1	80.556	144	28	0	5	148	257190	257047	2.22e-33	134
NODE_3640767_length_1830_cov_11.488115	CP020122.1	75.200	375	91	2	924	1297	51442	51069	5.66e-67	250
NODE_3640767_length_1830_cov_11.488115	CP020122.1	78.610	187	40	0	1644	1830	50716	50530	2.75e-39	158
NODE_3640767_length_1830_cov_11.488115	CP020122.1	70.486	288	81	2	308	593	52034	51749	3.82e-31	131
NODE_3657827_length_178_cov_20.923567	CP020122.1	76.437	174	41	0	5	178	83819	83992	1.17e-31	129
NODE_3674832_length_177_cov_52.666667	CP020122.1	77.914	163	36	0	14	176	432005	431843	9.51e-33	132
NODE_3683712_length_383_cov_6.234807	CP020122.1	78.093	388	75	4	1	382	21241	20858	4.82e-85	307
NODE_3688847_length_1236_cov_12.763786	CP020122.1	72.954	281	71	4	922	1201	444113	443837	2.74e-37	150
NODE_3695816_length_896_cov_10.858286	CP020122.1	70.210	809	224	9	93	891	276222	277023	1.33e-96	347
NODE_3700471_length_351_cov_73.466667	CP020122.1	82.336	351	62	0	1	351	184691	184341	3.37e-99	354
NODE_3721184_length_387_cov_26.060109	CP020122.1	79.736	227	46	0	63	289	446470	446244	1.49e-53	203
NODE_3737859_length_160_cov_49.640288	CP020122.1	77.500	160	36	0	1	160	277141	277300	3.61e-31	127
NODE_3788309_length_928_cov_23.312018	CP020122.1	75.399	313	77	0	224	536	176203	175891	1.68e-57	217
NODE_3798336_length_490_cov_23.820896	CP020122.1	70.548	292	84	1	165	454	190381	190672	2.33e-33	136
NODE_3827801_length_779_cov_11.562005	CP020122.1	72.981	322	85	2	7	327	6192	6512	1.01e-46	181
NODE_3827802_length_882_cov_42.289199	CP020122.1	67.442	903	249	17	7	882	6192	7076	1.00e-72	268
NODE_3862710_length_402_cov_50.876640	CP020122.1	70.647	402	110	5	1	398	283571	283174	6.19e-46	178
NODE_3890021_length_426_cov_31.760494	CP020122.1	77.049	183	42	0	1	183	449581	449763	4.74e-35	141
NODE_3913230_length_261_cov_24.025000	CP020122.1	73.946	261	58	4	6	261	276091	276346	1.28e-39	156
NODE_3934833_length_1233_cov_13.341584	CP020122.1	68.440	564	144	12	686	1232	329907	330453	8.92e-50	192
NODE_3934833_length_1233_cov_13.341584	CP020122.1	70.943	265	69	2	686	946	328427	328687	8.93e-31	129
NODE_3934833_length_1233_cov_13.341584	CP020122.1	70.943	265	69	2	686	946	382342	382602	8.93e-31	129
NODE_3951724_length_319_cov_67.214765	CP020122.1	81.905	210	38	0	3	212	32010	32219	2.86e-55	208
NODE_3981474_length_639_cov_36.902913	CP020122.1	68.137	612	157	17	46	638	459148	459740	2.36e-47	183
NODE_4041975_length_958_cov_13.759872	CP020122.1	77.273	220	41	3	608	824	440624	440411	2.75e-42	167
NODE_4086136_length_273_cov_17.662698	CP020122.1	74.419	215	55	0	46	260	166625	166411	1.03e-34	140
NODE_4106404_length_693_cov_9.345238	CP020122.1	74.422	692	177	0	2	693	256627	257318	1.16e-127	450
NODE_4138976_length_149_cov_52.054688	CP020122.1	80.986	142	27	0	1	142	242287	242428	2.24e-33	134
NODE_4159366_length_214_cov_67.409326	CP020122.1	74.057	212	55	0	3	214	551662	551873	3.37e-33	134
NODE_4172989_length_358_cov_22.783383	CP020122.1	70.402	348	100	2	1	345	271163	271510	5.13e-40	158
NODE_4188101_length_421_cov_68.512500	CP020122.1	90.261	421	40	1	1	421	408349	407930	2.93e-164	571
NODE_4217105_length_295_cov_6.937956	CP020122.1	72.297	296	78	2	1	294	449346	449053	1.19e-40	159
NODE_4230884_length_861_cov_24.225000	CP020122.1	75.641	234	55	2	11	243	215588	215820	1.28e-39	158
NODE_4246586_length_228_cov_50.753623	CP020122.1	82.379	227	40	0	1	227	284603	284377	6.10e-62	230
NODE_4246902_length_912_cov_18.487093	CP020122.1	73.466	603	157	1	306	908	596372	595773	5.03e-102	365
NODE_4277664_length_256_cov_30.714894	CP020122.1	76.250	240	51	2	16	252	61318	61082	1.63e-44	172
NODE_4277665_length_256_cov_44.055319	CP020122.1	76.667	240	50	2	16	252	61318	61082	3.83e-46	178
NODE_4337409_length_486_cov_29.529032	CP020122.1	68.777	458	131	8	35	486	623084	622633	2.47e-39	156
NODE_4348525_length_159_cov_100.681159	CP020122.1	83.974	156	25	0	1	156	19266	19421	1.17e-43	168
NODE_4359780_length_1123_cov_23.188748	CP020122.1	66.667	654	218	0	145	798	346379	345726	1.91e-51	197
NODE_4430065_length_485_cov_49.920259	CP020122.1	70.398	402	110	5	87	485	239899	240294	9.18e-45	174
NODE_4456714_length_286_cov_65.800000	CP020122.1	72.453	265	73	0	1	265	295463	295199	2.09e-37	149
NODE_4507193_length_296_cov_6.872727	CP020122.1	80.745	161	25	2	139	296	176804	176961	7.56e-37	147
NODE_4528923_length_154_cov_20.436090	CP020122.1	81.699	153	28	0	1	153	485379	485531	3.03e-38	150
NODE_4531532_length_251_cov_93.017391	CP020122.1	79.787	188	38	0	30	217	86529	86716	1.94e-43	168
NODE_4560342_length_387_cov_38.953552	CP020122.1	73.899	318	77	2	13	327	488649	488963	2.22e-51	196
NODE_4593164_length_318_cov_18.612795	CP020122.1	74.675	308	78	0	6	313	257675	257982	3.47e-54	205
NODE_4616281_length_868_cov_52.278630	CP020122.1	69.475	629	168	9	108	724	220332	219716	2.65e-67	250
NODE_4649430_length_169_cov_42.141892	CP020122.1	79.720	143	29	0	23	165	397264	397122	3.84e-31	127
NODE_4689626_length_384_cov_25.154270	CP020122.1	77.157	197	37	4	88	280	589667	589475	4.25e-35	141
NODE_4693695_length_746_cov_16.164138	CP020122.1	70.950	358	94	4	150	502	282065	282417	6.09e-43	168
NODE_4693695_length_746_cov_16.164138	CP020122.1	67.989	378	120	1	130	506	203976	204353	4.39e-32	132
NODE_4756795_length_383_cov_64.226519	CP020122.1	87.139	381	49	0	1	381	405976	406356	8.14e-133	466
NODE_4758399_length_84_cov_81.730159	CP020122.1	96.429	84	3	0	1	84	408527	408444	9.26e-35	138
NODE_4780242_length_321_cov_11.706667	CP020122.1	77.647	170	38	0	1	170	20342	20511	1.49e-33	136
NODE_4780243_length_190_cov_72.177515	CP020122.1	81.609	174	30	2	1	173	20342	20514	6.08e-42	163
NODE_4815100_length_256_cov_68.029787	CP020122.1	75.686	255	60	2	2	255	489004	489257	4.67e-45	174
NODE_4816210_length_526_cov_11.619802	CP020122.1	71.815	259	68	1	268	526	92424	92171	7.19e-34	138
NODE_4882525_length_206_cov_75.578378	CP020122.1	77.368	190	43	0	16	205	88454	88643	1.47e-37	149
NODE_4888321_length_246_cov_33.275556	CP020122.1	74.667	225	57	0	12	236	20648	20872	1.78e-37	149
NODE_4888322_length_220_cov_22.582915	CP020122.1	73.913	207	54	0	12	218	20648	20854	4.23e-32	131
NODE_4893662_length_1148_cov_8.850044	CP020122.1	71.181	288	75	3	864	1147	594231	593948	4.60e-34	140
NODE_4902502_length_364_cov_66.393586	CP020122.1	79.261	352	71	2	2	352	167014	166664	2.36e-82	298
NODE_4920628_length_641_cov_16.046774	CP020122.1	71.254	327	90	3	317	640	377639	377964	3.29e-39	156
NODE_4958792_length_305_cov_33.316901	CP020122.1	73.094	223	60	0	83	305	414921	415143	1.72e-32	132
NODE_4965778_length_817_cov_19.437186	CP020122.1	66.804	726	205	14	50	763	270297	270998	5.86e-50	192
NODE_4996002_length_374_cov_24.235127	CP020122.1	73.640	239	54	6	1	236	623704	623472	2.61e-31	129
NODE_5022784_length_936_cov_13.026230	CP020122.1	70.572	367	97	6	128	489	605695	605335	1.39e-39	158
NODE_5038365_length_181_cov_54.956250	CP020122.1	79.429	175	36	0	1	175	170347	170521	2.98e-39	154
NODE_5068261_length_676_cov_10.809160	CP020122.1	65.487	565	158	9	115	676	615594	615064	3.96e-32	132
NODE_5130296_length_181_cov_52.262500	CP020122.1	90.055	181	18	0	1	181	406402	406582	6.14e-67	246
NODE_5130636_length_218_cov_73.807107	CP020122.1	75.229	218	54	0	1	218	54027	54244	4.47e-38	150
NODE_5182033_length_190_cov_49.609467	CP020122.1	79.375	160	33	0	1	160	559754	559595	6.94e-35	140
NODE_5188094_length_1585_cov_14.600384	CP020122.1	71.994	707	189	6	1	701	414805	415508	3.08e-101	363
NODE_5206025_length_223_cov_19.747525	CP020122.1	74.194	217	52	3	9	223	82014	82228	1.50e-31	129
NODE_5235610_length_382_cov_29.398892	CP020122.1	72.400	250	69	0	1	250	446126	445877	1.47e-34	140
NODE_5242522_length_300_cov_25.505376	CP020122.1	73.820	233	56	4	25	253	501528	501297	1.69e-32	132
NODE_5275940_length_796_cov_46.234839	CP020122.1	72.659	267	73	0	1	267	458188	457922	5.01e-38	152
NODE_5278461_length_124_cov_33.961165	CP020122.1	83.065	124	21	0	1	124	559631	559754	7.75e-32	129
NODE_5283014_length_221_cov_49.140000	CP020122.1	77.011	174	40	0	35	208	628296	628123	3.49e-33	134
NODE_5340411_length_663_cov_12.493769	CP020122.1	68.263	668	190	10	4	658	115278	115936	8.00e-60	224
NODE_5342607_length_1414_cov_8.960517	CP020122.1	80.347	173	34	0	27	199	628308	628136	6.06e-40	159
NODE_5351913_length_87_cov_89.863636	CP020122.1	94.318	88	4	1	1	87	130588	130501	4.12e-33	132
NODE_5354464_length_519_cov_57.397590	CP020122.1	71.805	493	129	3	6	493	446122	446609	3.01e-70	259
NODE_5452438_length_408_cov_8.759690	CP020122.1	69.521	397	109	4	13	403	88253	88643	1.38e-41	163
NODE_5464479_length_277_cov_107.980469	CP020122.1	72.263	274	74	2	3	275	526310	526582	2.46e-36	145
NODE_5522132_length_557_cov_70.149254	CP020122.1	70.513	468	108	7	21	479	80125	80571	9.92e-58	217
NODE_5550715_length_384_cov_40.349862	CP020122.1	71.473	319	88	1	9	324	254586	254268	1.30e-41	163
NODE_5551737_length_280_cov_27.945946	CP020122.1	74.877	203	51	0	3	205	488746	488948	1.29e-33	136
NODE_5554220_length_1788_cov_10.435201	CP020122.1	67.085	717	222	9	1077	1786	241128	240419	2.51e-52	201
NODE_5571941_length_836_cov_9.907975	CP020122.1	81.560	141	26	0	33	173	277361	277501	1.16e-33	138
NODE_5633806_length_734_cov_17.799439	CP020122.1	68.151	741	216	9	1	725	470722	469986	2.23e-67	250
NODE_5653998_length_348_cov_9.250765	CP020122.1	74.603	252	62	2	98	348	458602	458352	1.43e-40	159
NODE_5697547_length_940_cov_52.678999	CP020122.1	75.814	215	52	0	47	261	304953	305167	1.70e-38	154
NODE_5718262_length_437_cov_22.646635	CP020122.1	69.343	411	120	5	30	437	561220	560813	2.21e-39	156
NODE_5734699_length_318_cov_56.030303	CP020122.1	80.503	318	62	0	1	318	52449	52766	2.49e-81	295
NODE_5742097_length_247_cov_46.256637	CP020122.1	74.800	250	52	7	1	247	558622	558863	2.18e-36	145
NODE_5747841_length_317_cov_30.354730	CP020122.1	73.968	315	78	2	1	313	72572	72884	6.25e-51	194
NODE_5768709_length_1252_cov_53.547522	CP020122.1	68.683	1124	319	12	68	1186	575457	576552	4.38e-117	416
NODE_5772530_length_208_cov_43.529412	CP020122.1	76.555	209	47	2	1	208	50341	50548	1.48e-37	149
NODE_5780420_length_165_cov_62.583333	CP020122.1	89.091	165	18	0	1	165	407708	407544	2.68e-58	217
NODE_5784172_length_164_cov_68.895105	CP020122.1	82.317	164	29	0	1	164	485233	485396	1.48e-42	165
NODE_5787929_length_173_cov_9.822368	CP020122.1	78.161	174	37	1	1	173	404999	404826	6.25e-35	140
NODE_5787930_length_138_cov_47.846154	CP020122.1	83.846	130	21	0	1	130	404999	404870	4.82e-35	140
NODE_5859043_length_376_cov_69.825352	CP020122.1	82.721	272	47	0	11	282	18748	18477	2.29e-76	279
NODE_5892062_length_511_cov_24.434694	CP020122.1	71.821	291	82	0	206	496	113658	113368	2.60e-39	156
NODE_5947401_length_497_cov_25.985294	CP020122.1	72.650	468	106	6	39	495	146633	147089	8.25e-71	260
NODE_5959031_length_281_cov_24.069231	CP020122.1	75.598	209	51	0	59	267	484726	484934	7.15e-37	147
NODE_5959188_length_588_cov_23.248677	CP020122.1	74.517	569	135	7	25	588	98226	98789	7.05e-98	351
NODE_5982907_length_331_cov_29.980645	CP020122.1	73.252	329	81	4	1	327	558863	558540	3.39e-48	185
NODE_5988573_length_820_cov_11.272841	CP020122.1	69.596	842	222	9	1	814	92926	93761	8.16e-99	354
NODE_6013580_length_728_cov_44.524752	CP020122.1	69.497	318	95	2	109	425	61524	61840	5.21e-31	129
NODE_6016093_length_181_cov_63.025000	CP020122.1	89.130	184	15	3	1	181	625005	625186	3.88e-63	233
NODE_6040555_length_252_cov_15.398268	CP020122.1	72.222	252	68	2	1	251	99091	98841	1.41e-32	132
NODE_6040556_length_318_cov_37.747475	CP020122.1	77.918	317	70	0	1	317	99091	98775	6.27e-70	257
NODE_6044749_length_736_cov_35.669930	CP020122.1	71.173	503	139	4	236	735	162393	162892	1.16e-64	241
NODE_6044787_length_382_cov_65.565097	CP020122.1	75.728	206	48	2	171	375	623025	623229	1.47e-34	140
NODE_6080607_length_481_cov_54.130435	CP020122.1	71.365	447	128	0	35	481	221130	221576	1.35e-61	230
NODE_6080609_length_694_cov_55.193165	CP020122.1	70.348	489	138	3	151	637	220963	220480	1.02e-58	221
NODE_6092012_length_401_cov_16.107895	CP020122.1	70.958	334	93	2	70	401	447208	446877	1.66e-40	159
NODE_6141645_length_733_cov_10.026685	CP020122.1	69.726	621	180	4	105	719	85162	85780	3.53e-71	262
NODE_6243253_length_390_cov_27.363144	CP020122.1	74.204	314	81	0	8	321	176835	177148	5.25e-53	201
NODE_6258324_length_137_cov_79.948276	CP020122.1	89.091	110	12	0	28	137	51708	51817	1.12e-36	145
NODE_6292697_length_366_cov_25.695652	CP020122.1	69.707	307	91	2	2	307	129356	129051	8.89e-31	127
NODE_6322782_length_137_cov_12.422414	CP020122.1	91.971	137	11	0	1	137	407640	407776	2.03e-52	197
NODE_6329073_length_154_cov_41.105263	CP020122.1	82.353	153	27	0	2	154	485531	485379	2.48e-39	154
NODE_6369671_length_609_cov_51.777211	CP020122.1	67.788	565	151	9	3	550	320356	319806	1.84e-48	187
NODE_6371707_length_247_cov_28.008850	CP020122.1	79.352	247	51	0	1	247	284545	284299	1.47e-57	215
NODE_6385028_length_283_cov_10.919847	CP020122.1	74.386	285	65	4	1	281	146326	146046	5.18e-45	174
NODE_6405957_length_623_cov_10.064784	CP020122.1	66.994	509	162	4	118	623	526252	526757	4.74e-37	149
NODE_6472473_length_1011_cov_14.475758	CP020122.1	67.886	629	180	9	368	985	554297	553680	4.03e-53	203
NODE_6505689_length_199_cov_13.556180	CP020122.1	75.610	205	39	6	1	199	407076	406877	4.61e-31	127
NODE_6509469_length_356_cov_60.528358	CP020122.1	71.772	333	92	2	24	355	452999	452668	8.08e-44	170
NODE_6517805_length_251_cov_51.939130	CP020122.1	76.471	221	52	0	24	244	32329	32549	2.37e-42	165
NODE_6526265_length_266_cov_47.053061	CP020122.1	72.180	266	74	0	1	266	604471	604206	6.77e-37	147
NODE_6542070_length_276_cov_10.105882	CP020122.1	72.894	273	70	2	4	274	559971	559701	4.73e-39	154
NODE_6565435_length_1443_cov_12.770745	CP020122.1	80.628	191	37	0	1252	1442	283981	284171	2.31e-45	178
NODE_6574866_length_287_cov_13.421053	CP020122.1	75.829	211	47	3	73	281	566766	566558	3.11e-35	141
NODE_6668993_length_307_cov_24.919580	CP020122.1	75.817	306	70	4	1	304	59839	60142	3.34e-54	205
NODE_6668994_length_262_cov_55.236515	CP020122.1	78.448	232	44	4	1	229	59839	60067	3.23e-47	181
NODE_6675338_length_246_cov_68.311111	CP020122.1	79.268	246	51	0	1	246	449247	449492	5.10e-57	214
NODE_6675339_length_210_cov_76.153439	CP020122.1	79.426	209	43	0	1	209	449267	449059	7.26e-48	183
NODE_6707050_length_1228_cov_9.265949	CP020122.1	66.507	836	230	22	131	950	126804	127605	8.89e-50	192
NODE_6731624_length_637_cov_70.871753	CP020122.1	77.817	568	104	9	89	637	195417	195981	2.34e-123	435
NODE_6802071_length_648_cov_9.231260	CP020122.1	74.121	626	146	8	1	618	473373	473990	5.61e-106	378
NODE_6808948_length_683_cov_41.767372	CP020122.1	70.058	688	190	10	5	683	586410	587090	3.50e-77	282
NODE_6809660_length_148_cov_68.858268	CP020122.1	79.720	143	29	0	6	148	255444	255302	3.30e-31	127
NODE_6837312_length_381_cov_11.725000	CP020122.1	70.573	384	110	1	1	381	136556	136173	4.80e-47	181
NODE_6853841_length_1416_cov_12.210036	CP020122.1	73.810	252	64	2	780	1030	364615	364865	3.14e-37	150
NODE_6859035_length_546_cov_23.230476	CP020122.1	71.739	322	85	2	228	546	204353	204035	1.54e-42	167
NODE_6866603_length_105_cov_65.345238	CP020122.1	86.667	105	14	0	1	105	257878	257774	2.22e-31	127
NODE_6871838_length_207_cov_18.139785	CP020122.1	77.295	207	47	0	1	207	474422	474628	2.33e-41	161
NODE_6879302_length_943_cov_8.477223	CP020122.1	67.190	765	231	12	189	943	343785	344539	7.25e-56	212
NODE_6889810_length_554_cov_8.318949	CP020122.1	68.321	524	151	8	39	553	560560	560043	1.05e-44	174
NODE_6903408_length_1650_cov_9.559239	CP020122.1	69.764	764	216	11	73	830	32546	31792	3.21e-82	300
NODE_6964026_length_250_cov_32.589520	CP020122.1	77.473	182	41	0	69	250	398280	398099	7.71e-36	143
NODE_6981714_length_1573_cov_12.386598	CP020122.1	74.675	308	78	0	8	315	431592	431285	1.81e-53	205
NODE_6985945_length_896_cov_13.834286	CP020122.1	66.792	795	236	15	1	781	567867	568647	1.24e-52	201
NODE_7009018_length_351_cov_25.790909	CP020122.1	77.364	349	78	1	4	351	552788	553136	1.10e-73	269
NODE_7009019_length_861_cov_15.894048	CP020122.1	74.949	495	110	6	4	491	552788	553275	1.77e-88	320
NODE_7045412_length_275_cov_78.464567	CP020122.1	91.855	221	15	2	57	275	130302	130521	2.77e-86	311
NODE_7063860_length_669_cov_9.544753	CP020122.1	67.555	638	192	10	35	666	604140	604768	2.03e-48	187
NODE_7099480_length_197_cov_77.789773	CP020122.1	76.000	200	42	2	1	197	82208	82404	2.07e-35	141
NODE_7104908_length_332_cov_36.199357	CP020122.1	77.246	167	38	0	86	252	333549	333383	6.58e-32	131
NODE_7163150_length_387_cov_41.461749	CP020122.1	76.265	257	61	0	131	387	488277	488021	3.29e-49	188
NODE_7168560_length_668_cov_10.681607	CP020122.1	71.200	500	139	3	1	499	240320	239825	8.60e-66	244
NODE_7189262_length_206_cov_39.983784	CP020122.1	77.487	191	37	5	19	206	129946	129759	3.23e-33	134
NODE_7212557_length_154_cov_76.360902	CP020122.1	91.429	105	9	0	1	105	624626	624522	1.06e-37	149
NODE_7231541_length_331_cov_8.764516	CP020122.1	71.118	322	83	8	3	319	52759	52443	5.38e-33	134
NODE_7233580_length_167_cov_82.020548	CP020122.1	77.844	167	37	0	1	167	86285	86119	2.55e-33	134
NODE_7236315_length_1589_cov_58.548469	CP020122.1	66.201	787	236	12	521	1292	530054	530825	3.31e-50	194
NODE_7239953_length_533_cov_21.419922	CP020122.1	73.333	360	85	6	70	422	209173	209528	2.54e-52	199
NODE_7246594_length_268_cov_74.979757	CP020122.1	75.665	263	64	0	6	268	60829	61091	7.74e-49	187
NODE_7247982_length_142_cov_15.123967	CP020122.1	83.803	142	23	0	1	142	474297	474438	7.89e-39	152
NODE_7247984_length_321_cov_7.186667	CP020122.1	74.903	259	65	0	2	260	474316	474058	5.94e-45	174
NODE_7254431_length_399_cov_20.605820	CP020122.1	73.898	295	75	2	1	294	441414	441707	6.14e-46	178
NODE_7254475_length_331_cov_9.864516	CP020122.1	73.795	332	78	4	1	328	257689	257363	5.38e-52	197
NODE_7306480_length_161_cov_63.685714	CP020122.1	91.925	161	13	0	1	161	405139	404979	1.19e-62	232
NODE_7351890_length_740_cov_13.125174	CP020122.1	71.429	448	126	2	294	740	215821	215375	8.96e-60	224
NODE_7414941_length_276_cov_47.898039	CP020122.1	78.715	249	53	0	27	275	571210	570962	7.01e-56	210
NODE_7414943_length_202_cov_55.320442	CP020122.1	78.307	189	41	0	14	202	571229	571417	9.66e-40	156
NODE_7443976_length_452_cov_8.979118	CP020122.1	73.061	245	58	4	2	242	191483	191723	7.48e-33	134
NODE_7478499_length_153_cov_59.719697	CP020122.1	85.088	114	17	0	11	124	135647	135534	9.82e-32	129
NODE_7486699_length_327_cov_54.833333	CP020122.1	75.610	205	48	2	12	215	501306	501509	4.36e-34	138
NODE_7507951_length_162_cov_15.304965	CP020122.1	79.375	160	31	2	1	159	115436	115278	8.60e-33	132
NODE_7521004_length_382_cov_36.213296	CP020122.1	77.225	382	85	2	2	382	570962	571342	1.29e-79	289
NODE_7538579_length_374_cov_26.515581	CP020122.1	74.242	330	85	0	7	336	60605	60276	2.78e-56	212
NODE_7565986_length_427_cov_23.529557	CP020122.1	72.673	333	83	6	1	329	333643	333971	9.79e-44	170
NODE_7597827_length_216_cov_13.943590	CP020122.1	81.457	151	28	0	3	153	94969	94819	5.39e-37	147
NODE_7619815_length_514_cov_35.430020	CP020122.1	69.948	386	108	6	2	383	560796	561177	9.14e-39	154
NODE_7660912_length_1210_cov_41.778806	CP020122.1	66.461	1133	342	18	35	1148	211842	210729	1.80e-77	284
NODE_7665910_length_217_cov_47.219388	CP020122.1	75.362	207	51	0	1	207	276346	276140	6.60e-36	143
NODE_7673844_length_1280_cov_601.930103	CP020122.1	74.359	273	70	0	779	1051	562595	562323	2.04e-45	178
NODE_7690224_length_632_cov_17.805237	CP020122.1	70.088	341	98	2	2	340	545623	545961	1.38e-37	150
NODE_7746701_length_413_cov_10.477041	CP020122.1	71.802	344	89	4	6	345	80204	80543	2.71e-44	172
NODE_7758957_length_497_cov_15.455882	CP020122.1	75.067	373	84	4	1	367	526095	525726	6.34e-66	244
NODE_7766209_length_666_cov_30.462016	CP020122.1	71.171	333	94	2	324	655	343206	342875	8.04e-41	161
NODE_7809246_length_246_cov_26.177778	CP020122.1	72.314	242	63	2	7	246	52230	52469	1.67e-31	129
NODE_7834827_length_298_cov_84.974729	CP020122.1	83.824	136	19	3	164	298	405634	405767	1.38e-33	136
NODE_7848391_length_1324_cov_11.747506	CP020122.1	64.818	1046	347	14	288	1321	167520	166484	4.97e-47	183
NODE_7875689_length_466_cov_24.660674	CP020122.1	68.878	392	115	6	77	466	339811	339425	2.21e-33	136
NODE_7884381_length_683_cov_12.649547	CP020122.1	79.888	179	36	0	8	186	138109	138287	8.25e-41	161
NODE_7890716_length_221_cov_65.945000	CP020122.1	79.114	158	33	0	1	158	404332	404175	1.00e-33	136
NODE_7905290_length_844_cov_10.951397	CP020122.1	65.098	871	250	19	1	844	284526	285369	2.94e-41	163
NODE_7929171_length_454_cov_13.879908	CP020122.1	74.662	296	61	7	3	288	398298	398007	7.03e-46	178
NODE_7931347_length_459_cov_95.593607	CP020122.1	80.217	460	87	2	1	458	18828	19285	5.45e-117	414
NODE_7977440_length_286_cov_23.298113	CP020122.1	73.852	283	69	3	1	282	562829	562551	2.23e-43	168
NODE_8005600_length_451_cov_26.544186	CP020122.1	68.876	347	106	1	42	388	237473	237129	2.14e-33	136
NODE_8042597_length_198_cov_6.163842	CP020122.1	76.440	191	45	0	8	198	224693	224503	2.08e-35	141
NODE_8042598_length_465_cov_75.468468	CP020122.1	79.610	461	88	2	8	465	224693	224236	2.86e-114	405
NODE_8093878_length_374_cov_11.206799	CP020122.1	79.412	272	56	0	93	364	18477	18748	2.00e-64	239
NODE_8106031_length_401_cov_32.563158	CP020122.1	71.031	359	100	3	29	385	239228	239584	3.20e-43	168
NODE_8197844_length_301_cov_24.910714	CP020122.1	75.304	247	55	2	58	301	370190	370433	8.22e-43	167
NODE_8197845_length_566_cov_33.607339	CP020122.1	71.965	346	89	2	80	421	370212	370553	5.95e-48	185
NODE_8240760_length_511_cov_60.479592	CP020122.1	72.781	507	138	0	4	510	447134	446628	1.44e-80	293
NODE_8250603_length_655_cov_15.618297	CP020122.1	73.731	335	88	0	213	547	220815	220481	6.07e-55	208
NODE_8257939_length_995_cov_15.120123	CP020122.1	81.119	143	27	0	4	146	28733	28591	4.84e-33	136
NODE_8284190_length_248_cov_16.017621	CP020122.1	74.494	247	63	0	1	247	243005	242759	2.85e-41	161
NODE_8284583_length_875_cov_20.633489	CP020122.1	69.976	423	121	3	3	422	545585	545166	3.26e-47	183
NODE_8302840_length_415_cov_42.736041	CP020122.1	70.732	287	75	3	103	383	589382	589665	6.84e-33	134
NODE_8322087_length_349_cov_16.384146	CP020122.1	72.951	366	78	9	2	349	206217	205855	2.42e-50	192
NODE_8325230_length_621_cov_8.791667	CP020122.1	71.184	583	157	8	40	615	252360	251782	6.99e-73	268
NODE_8357549_length_160_cov_9.187050	CP020122.1	78.344	157	34	0	4	160	570962	571118	2.96e-32	131
NODE_8371371_length_589_cov_12.739437	CP020122.1	68.868	424	118	9	48	464	586869	586453	6.63e-35	141
NODE_8377981_length_231_cov_49.523810	CP020122.1	83.212	137	23	0	91	227	28597	28733	7.07e-36	143
NODE_8406857_length_212_cov_13.308901	CP020122.1	80.660	212	41	0	1	212	255253	255464	3.33e-52	197
NODE_8414088_length_252_cov_46.004329	CP020122.1	81.119	143	25	2	111	252	146603	146744	1.71e-31	129
NODE_8427622_length_632_cov_30.075286	CP020122.1	69.450	527	149	6	2	522	219809	220329	5.85e-55	208
NODE_8433027_length_581_cov_22.610714	CP020122.1	68.493	584	172	6	4	581	485612	486189	5.36e-55	208
NODE_8435705_length_113_cov_73.771739	CP020122.1	91.304	115	6	4	1	113	408442	408330	7.41e-38	149
NODE_8501952_length_554_cov_36.442777	CP020122.1	71.572	299	81	2	4	300	90647	90943	1.20e-37	150
NODE_8516903_length_174_cov_40.699346	CP020122.1	81.699	153	28	0	21	173	397473	397625	3.48e-38	150
NODE_8516904_length_174_cov_40.712418	CP020122.1	83.444	151	25	0	23	173	397475	397625	6.71e-41	159
NODE_8517472_length_272_cov_6.633466	CP020122.1	72.059	272	74	2	1	271	6954	7224	2.94e-35	141
NODE_8554891_length_145_cov_46.951613	CP020122.1	92.500	120	9	0	26	145	51916	51797	7.09e-46	176
NODE_8598229_length_254_cov_70.884120	CP020122.1	73.251	243	59	4	8	247	183807	184046	1.42e-32	132
NODE_8633194_length_809_cov_58.381980	CP020122.1	78.492	809	174	0	1	809	392767	391959	0.0	675
NODE_8653610_length_200_cov_54.994413	CP020122.1	82.979	188	32	0	7	194	21216	21029	1.09e-51	196
NODE_8662147_length_1847_cov_11.871303	CP020122.1	65.912	1546	471	25	317	1836	30453	28938	2.27e-97	351
NODE_8665828_length_244_cov_23.641256	CP020122.1	74.009	227	43	5	1	219	276892	277110	1.11e-33	136
NODE_8684137_length_251_cov_45.239130	CP020122.1	73.362	229	54	4	10	235	99122	99346	5.95e-31	127
NODE_8691430_length_215_cov_63.417526	CP020122.1	75.000	212	53	0	4	215	50150	50361	6.53e-36	143
NODE_8691431_length_256_cov_41.336170	CP020122.1	72.840	243	66	0	1	243	50167	49925	2.76e-35	141
NODE_8691432_length_256_cov_32.834043	CP020122.1	74.486	243	62	0	1	243	50167	49925	1.03e-40	159
NODE_8709154_length_964_cov_27.464475	CP020122.1	75.909	220	49	2	747	964	365468	365251	6.09e-38	152
NODE_8806713_length_945_cov_29.750000	CP020122.1	68.940	953	280	9	1	945	220632	221576	7.74e-100	358
NODE_8845632_length_280_cov_10.652510	CP020122.1	71.642	268	76	0	13	280	486200	485933	3.03e-35	141
NODE_8867890_length_501_cov_37.918750	CP020122.1	77.289	273	57	3	104	374	365482	365213	5.61e-54	205
NODE_8875440_length_701_cov_56.995588	CP020122.1	70.027	377	101	1	327	691	75473	75849	1.10e-45	178
NODE_8885294_length_151_cov_43.953846	CP020122.1	80.667	150	29	0	2	151	368174	368323	5.35e-35	140
NODE_8885783_length_906_cov_65.542373	CP020122.1	68.510	832	248	10	14	838	73322	72498	1.10e-78	288
NODE_8899948_length_498_cov_14.247379	CP020122.1	69.018	397	106	6	84	473	137352	137738	1.08e-37	150
NODE_8902853_length_332_cov_20.382637	CP020122.1	79.213	178	37	0	72	249	333374	333551	5.76e-39	154
NODE_8904649_length_856_cov_11.188024	CP020122.1	72.149	377	95	5	149	517	160524	160898	1.76e-50	194
NODE_8924829_length_285_cov_46.200758	CP020122.1	75.000	196	49	0	1	196	128610	128415	1.60e-32	132
NODE_8926539_length_602_cov_14.165232	CP020122.1	74.677	541	127	6	67	602	551942	551407	1.31e-94	340
NODE_8928714_length_180_cov_112.339623	CP020122.1	77.222	180	41	0	1	180	526757	526578	6.53e-35	140
NODE_8931046_length_159_cov_61.442029	CP020122.1	79.739	153	31	0	6	158	191635	191483	6.91e-34	136
NODE_8936066_length_144_cov_624.764228	CP020122.1	80.420	143	28	0	2	144	392107	391965	7.51e-33	132
NODE_8947886_length_225_cov_14.568627	CP020122.1	76.279	215	47	3	1	213	595718	595506	1.62e-37	149
NODE_8947887_length_240_cov_50.018265	CP020122.1	73.832	214	56	0	1	214	595718	595505	3.82e-33	134
NODE_8960900_length_299_cov_28.100719	CP020122.1	71.895	306	76	4	1	299	99377	99075	1.48e-39	156
NODE_9046024_length_342_cov_74.520249	CP020122.1	78.655	342	73	0	1	342	52746	53087	4.00e-79	288
NODE_9056431_length_798_cov_8.657658	CP020122.1	70.362	442	123	5	109	546	139410	139847	5.72e-50	192
NODE_9113343_length_282_cov_13.996169	CP020122.1	77.544	285	58	2	1	282	449260	449541	1.14e-59	223
NODE_9113345_length_223_cov_13.742574	CP020122.1	77.477	222	50	0	1	222	449280	449059	1.15e-45	176
NODE_9149291_length_263_cov_76.508264	CP020122.1	94.253	261	15	0	3	263	404563	404823	5.47e-114	403
NODE_9211970_length_260_cov_70.485356	CP020122.1	81.224	245	46	0	1	245	49160	49404	1.66e-63	235
NODE_9238948_length_419_cov_14.630653	CP020122.1	72.050	322	80	6	38	357	243177	243490	6.05e-40	158
NODE_9244353_length_932_cov_25.032931	CP020122.1	70.828	857	239	4	22	871	431388	432240	1.38e-115	410
NODE_9345765_length_472_cov_25.532151	CP020122.1	73.307	251	67	0	83	333	488018	488268	1.02e-37	150
NODE_9350572_length_490_cov_14.330490	CP020122.1	72.619	420	109	4	56	472	254814	254398	1.68e-60	226
NODE_9352943_length_121_cov_69.470000	CP020122.1	88.889	108	12	0	1	108	485246	485139	1.19e-35	141
NODE_9423942_length_307_cov_18.867133	CP020122.1	73.786	309	75	4	2	307	59828	60133	1.33e-46	179
NODE_9425802_length_854_cov_42.019208	CP020122.1	69.401	634	186	8	5	634	139875	140504	1.35e-64	241
NODE_9435910_length_824_cov_23.486924	CP020122.1	70.588	595	151	12	1	583	139928	140510	7.20e-68	251
NODE_9435911_length_625_cov_21.319536	CP020122.1	69.399	549	146	12	2	539	139947	139410	3.00e-52	199
NODE_9457194_length_210_cov_14.566138	CP020122.1	74.752	202	49	2	1	201	473387	473187	4.89e-31	127
NODE_9466231_length_1644_cov_12.862600	CP020122.1	77.880	217	45	3	1376	1590	444446	444661	1.66e-41	165
NODE_9466736_length_381_cov_26.125000	CP020122.1	68.986	345	107	0	1	345	441429	441085	1.47e-34	140
NODE_9495695_length_369_cov_48.554598	CP020122.1	77.384	367	82	1	4	369	553145	552779	5.28e-78	284
NODE_9536838_length_415_cov_39.761421	CP020122.1	71.831	355	88	3	1	349	94214	93866	1.24e-48	187
NODE_9584145_length_173_cov_45.434211	CP020122.1	76.970	165	38	0	8	172	253818	253982	3.94e-31	127
NODE_9592465_length_637_cov_43.016234	CP020122.1	71.880	569	142	6	2	561	98791	98232	5.17e-81	295
NODE_9603036_length_1792_cov_10.481649	CP020122.1	69.256	1210	327	19	14	1205	50141	48959	1.69e-130	461
NODE_9626836_length_222_cov_19.009950	CP020122.1	81.095	201	38	0	1	201	32210	32010	1.49e-50	192
NODE_9630693_length_237_cov_54.157407	CP020122.1	78.704	216	44	2	1	215	441482	441268	1.23e-45	176
NODE_9639170_length_354_cov_78.537538	CP020122.1	79.487	312	64	0	43	354	448756	449067	2.62e-75	275
NODE_9643802_length_510_cov_13.842536	CP020122.1	74.194	310	70	3	1	305	206399	206703	1.03e-50	194
NODE_9652741_length_301_cov_43.275000	CP020122.1	73.310	281	71	4	1	279	56373	56651	5.19e-39	154
NODE_9670956_length_407_cov_64.424870	CP020122.1	75.622	402	90	6	2	399	473451	473848	5.49e-72	264
NODE_9712337_length_205_cov_27.119565	CP020122.1	76.442	208	41	4	1	204	277486	277283	6.20e-36	143
NODE_9746102_length_224_cov_12.837438	CP020122.1	75.111	225	50	2	3	224	98568	98789	4.61e-38	150
NODE_9746103_length_455_cov_11.967742	CP020122.1	74.444	360	88	2	1	358	98586	98229	1.27e-61	230
NODE_9763786_length_330_cov_5.339806	CP020122.1	70.536	336	81	7	1	327	319004	318678	2.97e-36	145
NODE_9764665_length_231_cov_68.976190	CP020122.1	88.889	234	23	2	1	231	405153	405386	1.45e-82	298
NODE_9764840_length_1450_cov_13.489853	CP020122.1	68.360	1043	302	15	1	1029	128620	129648	1.78e-97	351
NODE_9764944_length_179_cov_67.037975	CP020122.1	81.212	165	31	0	7	171	284145	283981	2.42e-40	158
NODE_9764955_length_464_cov_30.589165	CP020122.1	75.309	243	52	4	29	267	625891	626129	6.74e-40	158
NODE_9765128_length_825_cov_81.721393	CP020122.1	72.628	822	225	0	1	822	20260	19439	5.17e-133	468
